Timesteps  Total_Iterations  Iterations  Total_Iterations_Surrogate_Model  Iterations_Surrogate_Model  Convergence  avgConvRate(0)  avgConvRate(1)  deleted_Columns  
1  5  5  5  5  1  0.2114874513979345  0.0756106086372887  0  
2  10  5  10  5  1  0.2101013471219546  0.1013705881212817  0  
3  15  5  14  4  1  0.2155490112933253  0.1251482443035215  0  
4  18  3  17  3  1  0.2746136371937120  0.1466366794819694  0  
5  21  3  20  3  1  0.3267796412537822  0.0549765646352584  0  
6  24  3  23  3  1  0.3603903113553678  0.1054337967103587  0  
7  27  3  26  3  1  0.3700928564748756  0.1176246599430200  0  
8  30  3  29  3  1  0.3756368032527832  0.1252307163109440  0  
9  33  3  32  3  1  0.3792495972148110  0.1306129806584009  0  
10  36  3  35  3  1  0.3817923278980803  0.1347497897555295  0  
11  39  3  38  3  1  0.3837341308963945  0.1382175395590816  0  
12  42  3  41  3  1  0.3853022125621366  0.1412500465664377  0  
13  45  3  44  3  1  0.3866230812723590  0.1439979433297487  0  
14  46  1  47  3  1  1.0000000000000000  1.0000000000000000  0  
15  47  1  50  3  1  1.0000000000000000  1.0000000000000000  0  
16  48  1  53  3  1  1.0000000000000000  1.0000000000000000  0  
17  49  1  56  3  1  1.0000000000000000  1.0000000000000000  0  
18  50  1  59  3  1  1.0000000000000000  1.0000000000000000  0  
19  51  1  62  3  1  1.0000000000000000  1.0000000000000000  0  
20  52  1  65  3  1  1.0000000000000000  1.0000000000000000  0  
21  53  1  68  3  1  1.0000000000000000  1.0000000000000000  0  
22  54  1  71  3  1  1.0000000000000000  1.0000000000000000  0  
23  55  1  74  3  1  1.0000000000000000  1.0000000000000000  0  
24  56  1  76  2  1  1.0000000000000000  1.0000000000000000  0  
25  57  1  78  2  1  1.0000000000000000  1.0000000000000000  0  
26  58  1  80  2  1  1.0000000000000000  1.0000000000000000  0  
27  59  1  83  3  1  1.0000000000000000  1.0000000000000000  0  
28  60  1  86  3  1  1.0000000000000000  1.0000000000000000  0  
29  61  1  89  3  1  1.0000000000000000  1.0000000000000000  0  
30  62  1  92  3  1  1.0000000000000000  1.0000000000000000  0  
31  63  1  95  3  1  1.0000000000000000  1.0000000000000000  0  
32  64  1  98  3  1  1.0000000000000000  1.0000000000000000  0  
33  65  1  101  3  1  1.0000000000000000  1.0000000000000000  0  
34  66  1  104  3  1  1.0000000000000000  1.0000000000000000  0  
35  67  1  107  3  1  1.0000000000000000  1.0000000000000000  0  
36  68  1  110  3  1  1.0000000000000000  1.0000000000000000  0  
37  69  1  113  3  1  1.0000000000000000  1.0000000000000000  0  
38  70  1  116  3  1  1.0000000000000000  1.0000000000000000  0  
39  71  1  119  3  1  1.0000000000000000  1.0000000000000000  0  
40  72  1  122  3  1  1.0000000000000000  1.0000000000000000  0  
41  73  1  125  3  1  1.0000000000000000  1.0000000000000000  0  
42  74  1  128  3  1  1.0000000000000000  1.0000000000000000  0  
43  75  1  131  3  1  1.0000000000000000  1.0000000000000000  0  
44  76  1  134  3  1  1.0000000000000000  1.0000000000000000  0  
45  77  1  137  3  1  1.0000000000000000  1.0000000000000000  0  
46  78  1  140  3  1  1.0000000000000000  1.0000000000000000  0  
47  79  1  143  3  1  1.0000000000000000  1.0000000000000000  0  
48  80  1  146  3  1  1.0000000000000000  1.0000000000000000  0  
49  81  1  149  3  1  1.0000000000000000  1.0000000000000000  0  
50  82  1  152  3  1  1.0000000000000000  1.0000000000000000  0  
51  83  1  155  3  1  1.0000000000000000  1.0000000000000000  0  
52  84  1  158  3  1  1.0000000000000000  1.0000000000000000  0  
53  85  1  161  3  1  1.0000000000000000  1.0000000000000000  0  
54  86  1  164  3  1  1.0000000000000000  1.0000000000000000  0  
55  87  1  167  3  1  1.0000000000000000  1.0000000000000000  0  
56  88  1  170  3  1  1.0000000000000000  1.0000000000000000  0  
57  89  1  173  3  1  1.0000000000000000  1.0000000000000000  0  
58  90  1  176  3  1  1.0000000000000000  1.0000000000000000  0  
59  91  1  179  3  1  1.0000000000000000  1.0000000000000000  0  
60  92  1  182  3  1  1.0000000000000000  1.0000000000000000  0  
61  93  1  185  3  1  1.0000000000000000  1.0000000000000000  0  
62  94  1  188  3  1  1.0000000000000000  1.0000000000000000  0  
63  95  1  191  3  1  1.0000000000000000  1.0000000000000000  0  
64  96  1  194  3  1  1.0000000000000000  1.0000000000000000  0  
65  97  1  197  3  1  1.0000000000000000  1.0000000000000000  0  
66  98  1  200  3  1  1.0000000000000000  1.0000000000000000  0  
67  99  1  203  3  1  1.0000000000000000  1.0000000000000000  0  
68  100  1  206  3  1  1.0000000000000000  1.0000000000000000  0  
69  101  1  209  3  1  1.0000000000000000  1.0000000000000000  0  
70  102  1  212  3  1  1.0000000000000000  1.0000000000000000  0  
71  103  1  215  3  1  1.0000000000000000  1.0000000000000000  0  
72  104  1  218  3  1  1.0000000000000000  1.0000000000000000  0  
73  105  1  221  3  1  1.0000000000000000  1.0000000000000000  0  
74  106  1  223  2  1  1.0000000000000000  1.0000000000000000  0  
75  107  1  225  2  1  1.0000000000000000  1.0000000000000000  0  
76  108  1  227  2  1  1.0000000000000000  1.0000000000000000  0  
77  109  1  230  3  1  1.0000000000000000  1.0000000000000000  0  
78  110  1  233  3  1  1.0000000000000000  1.0000000000000000  0  
79  111  1  236  3  1  1.0000000000000000  1.0000000000000000  0  
80  112  1  239  3  1  1.0000000000000000  1.0000000000000000  0  
81  113  1  242  3  1  1.0000000000000000  1.0000000000000000  0  
82  114  1  245  3  1  1.0000000000000000  1.0000000000000000  0  
83  115  1  248  3  1  1.0000000000000000  1.0000000000000000  0  
84  118  3  251  3  1  0.3494291288963750  0.6014281114603873  0  
85  121  3  254  3  1  0.3941476983976654  0.1962237976736505  0  
86  124  3  257  3  1  0.3952431207640459  0.1355345065933134  0  
87  127  3  260  3  1  0.3956793261392793  0.1566505796595565  0  
88  130  3  263  3  1  0.3958411361068024  0.1570418986119373  0  
89  135  5  267  4  1  0.2021445982907286  0.1129264309044817  0  
90  140  5  271  4  1  0.2016496652998622  0.1178668683151620  0  
91  145  5  275  4  1  0.2018485192207226  0.1167184635170758  0  
92  150  5  279  4  1  0.2016017151138130  0.1149698800369836  0  
93  155  5  283  4  1  0.2014711584401126  0.1153565895135774  0  
94  160  5  287  4  1  0.2018710009088160  0.1154494375982035  0  
95  165  5  291  4  1  0.2025203760574278  0.1162156768747973  0  
96  170  5  295  4  1  0.2030034244944777  0.1153227626084776  0  
97  175  5  299  4  1  0.2043293692587084  0.1137839338882401  0  
98  180  5  303  4  1  0.2062441658406008  0.1132179177140151  0  
99  185  5  307  4  1  0.2082435372812005  0.1043039664965847  0  
100  192  7  312  5  1  0.1067209314319042  0.1603939662115448  0  