Timesteps  Total_Iterations  Iterations  Total_Iterations_Surrogate_Model  Iterations_Surrogate_Model  Convergence  avgConvRate(0)  avgConvRate(1)  deleted_Columns  
1  3  3  4  4  1  0.0034581862951226  1.0000065059412357  0  
2  8  5  9  5  1  0.0329708628427307  0.8150809897599519  0  
3  13  5  14  5  1  0.0508566692624151  1.1786734077058780  0  
4  16  3  18  4  1  0.3701522694642786  0.7084181186034881  0  
5  19  3  22  4  1  0.2395965675058278  0.7539935171315284  0  
6  22  3  26  4  1  0.2979559291702254  0.6169890896666566  0  
7  25  3  30  4  1  0.3346479398678429  0.5587676152822618  0  
8  28  3  34  4  1  0.3519465316079640  0.5172131609753881  0  
9  31  3  38  4  1  0.3548744840170311  0.5077221126248320  0  
10  34  3  42  4  1  0.3581059758768031  0.4941354982868716  0  
11  37  3  46  4  1  0.3572645063074940  0.5001438030007157  0  
12  40  3  50  4  1  0.3604718422948373  0.4871061879277646  0  
13  43  3  54  4  1  0.3751000254873836  0.4127135930601592  0  
14  44  1  57  3  1  1.0000000000000000  1.0000000000000000  0  
15  45  1  60  3  1  1.0000000000000000  1.0000000000000000  0  
16  46  1  63  3  1  1.0000000000000000  1.0000000000000000  0  
17  47  1  66  3  1  1.0000000000000000  1.0000000000000000  0  
18  48  1  69  3  1  1.0000000000000000  1.0000000000000000  0  
19  49  1  72  3  1  1.0000000000000000  1.0000000000000000  0  
20  50  1  75  3  1  1.0000000000000000  1.0000000000000000  0  
21  51  1  78  3  1  1.0000000000000000  1.0000000000000000  0  
22  52  1  81  3  1  1.0000000000000000  1.0000000000000000  0  
23  53  1  84  3  1  1.0000000000000000  1.0000000000000000  0  
24  54  1  86  2  1  1.0000000000000000  1.0000000000000000  0  
25  55  1  88  2  1  1.0000000000000000  1.0000000000000000  0  
26  56  1  90  2  1  1.0000000000000000  1.0000000000000000  0  
27  57  1  93  3  1  1.0000000000000000  1.0000000000000000  0  
28  58  1  96  3  1  1.0000000000000000  1.0000000000000000  0  
29  59  1  99  3  1  1.0000000000000000  1.0000000000000000  0  
30  60  1  102  3  1  1.0000000000000000  1.0000000000000000  0  
31  61  1  105  3  1  1.0000000000000000  1.0000000000000000  0  
32  62  1  108  3  1  1.0000000000000000  1.0000000000000000  0  
33  63  1  111  3  1  1.0000000000000000  1.0000000000000000  0  
34  64  1  114  3  1  1.0000000000000000  1.0000000000000000  0  
35  65  1  117  3  1  1.0000000000000000  1.0000000000000000  0  
36  66  1  120  3  1  1.0000000000000000  1.0000000000000000  0  
37  67  1  123  3  1  1.0000000000000000  1.0000000000000000  0  
38  68  1  126  3  1  1.0000000000000000  1.0000000000000000  0  
39  69  1  129  3  1  1.0000000000000000  1.0000000000000000  0  
40  70  1  132  3  1  1.0000000000000000  1.0000000000000000  0  
41  71  1  135  3  1  1.0000000000000000  1.0000000000000000  0  
42  72  1  138  3  1  1.0000000000000000  1.0000000000000000  0  
43  73  1  141  3  1  1.0000000000000000  1.0000000000000000  0  
44  74  1  144  3  1  1.0000000000000000  1.0000000000000000  0  
45  75  1  147  3  1  1.0000000000000000  1.0000000000000000  0  
46  76  1  150  3  1  1.0000000000000000  1.0000000000000000  0  
47  77  1  153  3  1  1.0000000000000000  1.0000000000000000  0  
48  78  1  156  3  1  1.0000000000000000  1.0000000000000000  0  
49  79  1  159  3  1  1.0000000000000000  1.0000000000000000  0  
50  80  1  162  3  1  1.0000000000000000  1.0000000000000000  0  
51  81  1  165  3  1  1.0000000000000000  1.0000000000000000  0  
52  82  1  168  3  1  1.0000000000000000  1.0000000000000000  0  
53  83  1  171  3  1  1.0000000000000000  1.0000000000000000  0  
54  84  1  174  3  1  1.0000000000000000  1.0000000000000000  0  
55  85  1  177  3  1  1.0000000000000000  1.0000000000000000  0  
56  86  1  180  3  1  1.0000000000000000  1.0000000000000000  0  
57  87  1  183  3  1  1.0000000000000000  1.0000000000000000  0  
58  88  1  186  3  1  1.0000000000000000  1.0000000000000000  0  
59  89  1  189  3  1  1.0000000000000000  1.0000000000000000  0  
60  90  1  192  3  1  1.0000000000000000  1.0000000000000000  0  
61  91  1  195  3  1  1.0000000000000000  1.0000000000000000  0  
62  92  1  198  3  1  1.0000000000000000  1.0000000000000000  0  
63  93  1  201  3  1  1.0000000000000000  1.0000000000000000  0  
64  94  1  204  3  1  1.0000000000000000  1.0000000000000000  0  
65  95  1  207  3  1  1.0000000000000000  1.0000000000000000  0  
66  96  1  210  3  1  1.0000000000000000  1.0000000000000000  0  
67  97  1  213  3  1  1.0000000000000000  1.0000000000000000  0  
68  98  1  216  3  1  1.0000000000000000  1.0000000000000000  0  
69  99  1  219  3  1  1.0000000000000000  1.0000000000000000  0  
70  100  1  222  3  1  1.0000000000000000  1.0000000000000000  0  
71  101  1  225  3  1  1.0000000000000000  1.0000000000000000  0  
72  102  1  228  3  1  1.0000000000000000  1.0000000000000000  0  
73  103  1  231  3  1  1.0000000000000000  1.0000000000000000  0  
74  104  1  233  2  1  1.0000000000000000  1.0000000000000000  0  
75  105  1  235  2  1  1.0000000000000000  1.0000000000000000  0  
76  106  1  237  2  1  1.0000000000000000  1.0000000000000000  0  
77  107  1  240  3  1  1.0000000000000000  1.0000000000000000  0  
78  108  1  243  3  1  1.0000000000000000  1.0000000000000000  0  
79  109  1  246  3  1  1.0000000000000000  1.0000000000000000  0  
80  110  1  249  3  1  1.0000000000000000  1.0000000000000000  0  
81  111  1  252  3  1  1.0000000000000000  1.0000000000000000  0  
82  112  1  255  3  1  1.0000000000000000  1.0000000000000000  0  
83  113  1  258  3  1  1.0000000000000000  1.0000000000000000  0  
84  116  3  261  3  1  0.3989013741602982  0.3244694401638627  0  
85  119  3  264  3  1  0.3921406852652077  0.3273228967720304  0  
86  122  3  267  3  1  0.3920464349290475  0.3419650492839469  0  
87  125  3  270  3  1  0.3923973826455343  0.3597995510210333  0  
88  128  3  274  4  1  0.4099505108938419  0.4559694988498011  0  
89  133  5  279  5  1  0.1635744219495611  0.5693479669512369  0  
90  138  5  283  4  1  0.0937713645225974  0.5847246681637319  0  
91  143  5  287  4  1  0.0871149233062259  0.6002714971283508  0  
92  148  5  291  4  1  0.0773601618543619  0.6164039409879722  0  
93  153  5  296  5  1  0.0793661541559802  0.6335120027709209  0  
94  158  5  301  5  1  0.1150191518143373  0.6524224222727302  0  
95  163  5  305  4  1  0.0943924869215578  0.6735457526439558  0  
96  168  5  310  5  1  0.1111904616424684  0.6977460763532917  0  
97  173  5  315  5  1  0.1242364154559724  0.7263261636629235  0  
98  178  5  320  5  1  0.0903789119423609  0.7613050926671440  0  
99  183  5  325  5  1  0.0941790059834678  0.8058724887686632  0  
100  188  5  330  5  1  0.1136675365706478  0.8638281402541342  0  