Timesteps  Total_Iterations  Iterations  Convergence  avgConvRate(0)  avgConvRate(1)  deleted_Columns  
1  26  26  1  0.6768932841299069  0.6126658255247669  0  
2  43  17  1  0.5629159751591816  0.5500333290687884  0  
3  64  21  1  0.6343074931995879  0.5822222307831354  0  
4  85  21  1  0.5303528234992706  0.6217248722700888  0  
5  104  19  1  0.6060560441609554  0.5922246754866979  0  
6  124  20  1  0.5745312071087855  0.6216282620949354  0  
7  142  18  1  0.5677382043622714  0.5827044630115313  0  
8  161  19  1  0.5199322946581375  0.6134583567877216  0  
9  179  18  1  0.5512395771368340  0.5814704561455939  0  
10  197  18  1  0.6006045387169323  0.5740052611514470  0  
11  214  17  1  0.5769323895565082  0.5815988754544529  0  
12  230  16  1  0.5302590394602917  0.5593063313628158  0  
13  247  17  1  0.5495723480484881  0.5443878903063754  0  
14  264  17  1  0.5613272766529966  0.5475950920461441  0  
15  278  14  1  0.5216697514250167  0.5224078947644157  0  
16  293  15  1  0.5438762481892283  0.5071177628081813  0  
17  309  16  1  0.5486735546135013  0.5456146098808923  0  
18  322  13  1  0.4892082840869762  0.4755708059938366  0  
19  337  15  1  0.5040519134180983  0.5668604715746364  0  
20  352  15  1  0.5599061585982603  0.4899693111494424  0  
21  363  11  1  0.4582615532436288  0.4107660967663772  0  
22  378  15  1  0.5663485301124539  0.5381633606022274  0  
23  392  14  1  0.5684431345833231  0.4938795237620442  0  
24  408  16  1  0.5835191496861685  0.5253455374427447  0  
25  420  12  1  0.5317667278104238  0.3775559162380104  0  
26  434  14  1  0.5969716326874911  0.4928307376258917  0  
27  447  13  1  0.4913027436430100  0.4386806402324368  0  
28  462  15  1  0.5948134715395417  0.4834732527950141  0  
29  473  11  1  0.5226365590664320  0.3920711328870363  0  
30  488  15  1  0.5713709255004973  0.4156251705107649  0  
31  499  11  1  0.4634162019056246  0.3858531319543317  0  
32  514  15  1  0.5314696748416919  0.4878790715272224  0  
33  524  10  1  0.4872036783378962  0.3634947707175686  0  
34  539  15  1  0.5651001988854035  0.4986667717795674  0  
35  549  10  1  0.4499302828651519  0.3370696695627232  0  
36  564  15  1  0.5794198309269225  0.5032686113070233  0  
37  574  10  1  0.4052711209201390  0.3790429729480935  0  
38  589  15  1  0.5572729156106970  0.5137256214331243  0  
39  599  10  1  0.4621894866335800  0.3694320691944613  0  
40  615  16  1  0.5798028031853063  0.4927714344310341  0  
41  626  11  1  0.3983425102857798  0.4091659218139791  0  
42  642  16  1  0.5460490265200921  0.5289879369965808  0  
43  652  10  1  0.3918240748805366  0.3373082361780769  0  
44  666  14  1  0.5583532942813166  0.4632890368731742  0  
45  678  12  1  0.4869992237645935  0.4311774709179696  0  
46  692  14  1  0.5243667176071736  0.4735370081394306  0  
47  704  12  1  0.4547161864616209  0.4209688119549493  0  
48  717  13  1  0.4864674581294587  0.4428929001280599  0  
49  730  13  1  0.5014355152090343  0.4566004881796258  0  
50  745  15  1  0.5480280208258864  0.5249750006712103  0  
51  759  14  1  0.4827462205154517  0.4544629460362899  0  
52  770  11  1  0.4490661941595658  0.4122503437510185  0  
53  784  14  1  0.5246909216479450  0.4607876482558180  0  
54  798  14  1  0.4544375972731277  0.4990582546524288  0  
55  813  15  1  0.5305221828579051  0.4892849947539064  0  
56  825  12  1  0.4493599902843257  0.4129716074055227  0  
57  839  14  1  0.5509647846132607  0.4992511042869728  0  
58  850  11  1  0.4858875729345474  0.3849035147831374  0  
59  865  15  1  0.5720856589893117  0.4720613573386491  0  
60  877  12  1  0.4873490352027547  0.4408101304087687  0  
61  889  12  1  0.4607663675336200  0.4214190832216720  0  
62  903  14  1  0.5678379370484852  0.4922753271918436  0  
63  914  11  1  0.4848631197249564  0.4195332385945745  0  
64  929  15  1  0.5869188532915959  0.4740501708026484  0  
65  941  12  1  0.5439172519414173  0.4435575046869116  0  
66  956  15  1  0.5909881454545313  0.5246928005957580  0  
67  969  13  1  0.5102140572696456  0.4340394000567440  0  
68  983  14  1  0.5146194632083037  0.4945593578363180  0  
69  996  13  1  0.5348035373653510  0.4954321547989115  0  
70  1010  14  1  0.5613573226574922  0.4898195078005058  0  
71  1022  12  1  0.5206936582876022  0.4098796413855912  0  
72  1034  12  1  0.5071567239230494  0.4401718230447850  0  
73  1048  14  1  0.5872050860266061  0.5374059382685085  0  
74  1061  13  1  0.5629970402786225  0.4849147658569964  0  
75  1073  12  1  0.5285523528425001  0.4744989003647875  0  
76  1088  15  1  0.5857564825965860  0.5391293145019130  0  
77  1100  12  1  0.6001813256050282  0.4623810549364061  0  
78  1116  16  1  0.5857288761061723  0.5537955675108578  0  
79  1129  13  1  0.5388534135976890  0.4892198743822063  0  
80  1143  14  1  0.5331974183280803  0.4773673382464231  0  
81  1155  12  1  0.5152402993741744  0.4318513096167923  0  
82  1170  15  1  0.5636736323233180  0.5056503168383030  0  
83  1183  13  1  0.5058568022529197  0.4670756704495602  0  
84  1198  15  1  0.5666311432263691  0.4924471252681681  0  
85  1210  12  1  0.4792405364701002  0.4203952153244485  0  
86  1222  12  1  0.5693076373517235  0.4560273927496336  0  
87  1236  14  1  0.5452870289213726  0.4805379032416216  0  
88  1250  14  1  0.5276876916497583  0.4626063197355835  0  
89  1262  12  1  0.5212936366827825  0.4490728853991732  0  
90  1274  12  1  0.5227150209849859  0.4301276592273319  0  
91  1288  14  1  0.5198359092387033  0.5055872011576521  0  
92  1299  11  1  0.4610555059377354  0.4236876859856922  0  
93  1315  16  1  0.5490290169849594  0.5128263582774211  0  
94  1328  13  1  0.4946729099156725  0.4554531731479023  0  
95  1342  14  1  0.5435614513282857  0.4928787137332340  0  
96  1353  11  1  0.4841103627426137  0.3973969210964101  0  
97  1368  15  1  0.5603002127475978  0.4862320021893047  0  
98  1382  14  1  0.5870708852489195  0.5007612661941591  0  
99  1396  14  1  0.4756411187103646  0.4843177062333138  0  
100  1410  14  1  0.5291678696915710  0.4934016845402642  0  