Timesteps  Total_Iterations  Iterations  Total_Iterations_Surrogate_Model  Iterations_Surrogate_Model  Convergence  avgConvRate(0)  avgConvRate(1)  deleted_Columns  
1  5  5  5  5  1  0.2269178836921787  0.1186584961297408  0  
2  10  5  9  4  1  0.1974274777216580  0.0879052668857150  0  
3  15  5  13  4  1  0.1468050600094396  0.1080495651412019  0  
4  20  5  17  4  1  0.1805988649116826  0.1169387248150567  0  
5  25  5  21  4  1  0.1981264854020737  0.1064911870818757  0  
6  28  3  24  3  1  0.3988344197892909  0.2285616562898010  0  
7  31  3  27  3  1  0.3874371770863543  0.1912177082150472  0  
8  34  3  30  3  1  0.3455292333391574  0.1899489748942143  0  
9  37  3  33  3  1  0.3096977579515546  0.1910764183631535  0  
10  40  3  36  3  1  0.2829531968885016  0.1907692300626746  0  
11  43  3  39  3  1  0.2624821557809329  0.1898672671106488  0  
12  46  3  42  3  1  0.2461665706925967  0.1908513096062116  0  
13  49  3  45  3  1  0.2326258521299243  0.1898238688450014  0  
14  52  3  48  3  1  0.2210532923033670  0.1888863318821078  0  
15  55  3  51  3  1  0.2109032943486699  0.1890751601741120  0  
16  58  3  54  3  1  0.2018002303230095  0.1890294765562839  0  
17  61  3  57  3  1  0.1934660352056744  0.1888909592590743  0  
18  64  3  60  3  1  0.1857123805542253  0.1889088472647128  0  
19  67  3  63  3  1  0.1783733647762090  0.1880644144136178  0  
20  70  3  66  3  1  0.1713322769559613  0.1874954134063672  0  
21  73  3  69  3  1  0.1644736017167436  0.1877005992652334  0  
22  76  3  72  3  1  0.1577045843923577  0.1881691112598170  0  
23  79  3  75  3  1  0.1509142698982319  0.1882090020466005  0  
24  82  3  78  3  1  0.1440095129476213  0.1895216089850763  0  
25  85  3  81  3  1  0.1368583224370036  0.1901435687997249  0  
26  86  1  84  3  1  1.0000000000000000  1.0000000000000000  0  
27  89  3  86  2  1  0.1166732381311709  0.1819389516516372  0  
28  90  1  88  2  1  1.0000000000000000  1.0000000000000000  0  
29  91  1  90  2  1  1.0000000000000000  1.0000000000000000  0  
30  92  1  92  2  1  1.0000000000000000  1.0000000000000000  0  
31  93  1  94  2  1  1.0000000000000000  1.0000000000000000  0  
32  94  1  96  2  1  1.0000000000000000  1.0000000000000000  0  
33  95  1  98  2  1  1.0000000000000000  1.0000000000000000  0  
34  96  1  100  2  1  1.0000000000000000  1.0000000000000000  0  
35  97  1  102  2  1  1.0000000000000000  1.0000000000000000  0  
36  98  1  104  2  1  1.0000000000000000  1.0000000000000000  0  
37  99  1  106  2  1  1.0000000000000000  1.0000000000000000  0  
38  100  1  108  2  1  1.0000000000000000  1.0000000000000000  0  
39  101  1  110  2  1  1.0000000000000000  1.0000000000000000  0  
40  104  3  112  2  1  0.1428883261786160  0.2044377654594890  0  
41  107  3  115  3  1  0.1534217518509767  0.1509608784942253  0  
42  110  3  118  3  1  0.1604039587570262  0.1515347899913549  0  
43  113  3  121  3  1  0.1676534199175200  0.1517997041225481  0  
44  116  3  124  3  1  0.1751290105057223  0.1535050480512029  0  
45  119  3  127  3  1  0.1829137611606964  0.1550785423878511  0  
46  122  3  130  3  1  0.1911567229938849  0.1572828680889420  0  
47  125  3  133  3  1  0.1999979090863272  0.1546989107418499  0  
48  128  3  136  3  1  0.2097247487972578  0.1577094386099482  0  
49  131  3  139  3  1  0.2205629548330888  0.1506963886035114  0  
50  134  3  142  3  1  0.2330917721920961  0.1585133932093456  0  
51  137  3  145  3  1  0.2479493614012118  0.1743201041989998  0  
52  140  3  148  3  1  0.2658684933807334  0.1622148085355941  0  
53  143  3  151  3  1  0.2887621042093513  0.1602006970736810  0  
54  146  3  154  3  1  0.3192166396127554  0.1649370246448298  0  
55  149  3  157  3  1  0.3594079729187343  0.1654316214216875  0  
56  152  3  160  3  1  0.3960760592055894  0.1680857074403542  0  
57  155  3  163  3  1  0.3825680400049132  0.1677733874907296  0  
58  158  3  166  3  1  0.3405891144551297  0.1672284395309090  0  
59  161  3  169  3  1  0.3055484149702760  0.1691053981891698  0  
60  164  3  172  3  1  0.2795045730833016  0.1716750708196684  0  
61  167  3  175  3  1  0.2595533215309008  0.1714875214931399  0  
62  170  3  178  3  1  0.2436361507749192  0.1730637907280503  0  
63  173  3  181  3  1  0.2304402889535351  0.1747709444114577  0  
64  176  3  184  3  1  0.2191453719668022  0.1760071138808665  0  
65  179  3  187  3  1  0.2092281452761520  0.1773455051326566  0  
66  182  3  190  3  1  0.2003152066321719  0.1778836233933607  0  
67  185  3  193  3  1  0.1921621127525164  0.1798298199979377  0  
68  186  1  196  3  1  1.0000000000000000  1.0000000000000000  0  
69  187  1  198  2  1  1.0000000000000000  1.0000000000000000  0  
70  188  1  200  2  1  1.0000000000000000  1.0000000000000000  0  
71  189  1  202  2  1  1.0000000000000000  1.0000000000000000  0  
72  190  1  204  2  1  1.0000000000000000  1.0000000000000000  0  
73  191  1  206  2  1  1.0000000000000000  1.0000000000000000  0  
74  192  1  209  3  1  1.0000000000000000  1.0000000000000000  0  
75  195  3  212  3  1  0.1360023181785477  0.1939577172521073  0  
76  198  3  215  3  1  0.1290263706800178  0.1910722072049653  0  
77  201  3  218  3  1  0.1205020685428458  0.1853145938804483  0  
78  204  3  221  3  1  0.1112183105805265  0.1806137824988591  0  
79  207  3  224  3  1  0.1003621265553675  0.1326816573504668  0  
80  210  3  227  3  1  0.0869960857888271  0.1353120577572632  0  
81  213  3  230  3  1  0.0675160206961140  0.1068056366213517  0  
82  216  3  233  3  1  0.0356177809793645  0.1004367754569864  0  
83  219  3  236  3  1  0.0737808225456063  0.1394102830023369  0  
84  222  3  239  3  1  0.0914101007181648  0.1580995272861385  0  
85  225  3  242  3  1  0.1042610294308772  0.1680917706893731  0  
86  228  3  245  3  1  0.1148171350934824  0.1742793774099860  0  
87  231  3  248  3  1  0.1240451742406067  0.1784193100117137  0  
88  234  3  251  3  1  0.1324266117389497  0.1809246830750369  0  
89  237  3  254  3  1  0.1402658376596501  0.1834539120439758  0  
90  240  3  257  3  1  0.1477618030263441  0.1848798105955262  0  
91  243  3  260  3  1  0.1550731593399331  0.1859505117595089  0  
92  246  3  263  3  1  0.1623301818691021  0.1874358592757724  0  
93  249  3  266  3  1  0.1696377580850755  0.1883035612126057  0  
94  252  3  269  3  1  0.1771260184806516  0.1895969507136007  0  
95  255  3  272  3  1  0.1849032720709080  0.1898386270330685  0  
96  260  5  276  4  1  0.1368928028051418  0.1071491445199026  0  
97  265  5  280  4  1  0.1403979912640113  0.1113390714636494  0  
98  270  5  284  4  1  0.1445885416256082  0.1064348365243113  0  
99  275  5  288  4  1  0.1491073617331487  0.1118609712579845  0  
100  282  7  293  5  1  0.0994601617419783  0.1491496298584027  0  