Timesteps  Total_Iterations  Iterations  Total_Iterations_Surrogate_Model  Iterations_Surrogate_Model  Convergence  avgConvRate(0)  avgConvRate(1)  deleted_Columns  
1  3  3  6  6  1  0.0034630746225012  0.9999999263892110  0  
2  8  5  13  7  1  0.1633834321169486  0.8886223109686704  0  
3  13  5  20  7  1  0.0318968137851210  0.7799199522468768  0  
4  18  5  29  9  1  0.0375625146773920  0.7524444339596098  0  
5  23  5  37  8  1  0.0858947135483320  0.7269380266452109  0  
6  28  5  44  7  1  0.0828159381788892  0.7028342577962818  0  
7  33  5  51  7  1  0.0845156323389153  0.6803119309928712  0  
8  38  5  58  7  1  0.0936527338466821  0.6596051716499959  0  
9  43  5  65  7  1  0.0852461655983493  0.6406375158472082  0  
10  48  5  72  7  1  0.0987681566140562  0.6231834098225982  0  
11  53  5  78  6  1  0.2845586288174702  0.6069772583695294  0  
12  58  5  85  7  1  0.0926383573188428  0.5917431942349010  0  
13  63  5  92  7  1  0.0999023081220561  0.5772507528435779  0  
14  68  5  98  6  1  0.3395492693275811  0.5632686444096088  0  
15  73  5  104  6  1  0.3429704948413000  0.5496150938239469  0  
16  78  5  111  7  1  0.1188441907083538  0.5361049470727460  0  
17  83  5  117  6  1  0.3534201125267570  0.5225458118807913  0  
18  88  5  123  6  1  0.3493615026162379  0.5088009449043137  0  
19  93  5  129  6  1  0.3594779839126832  0.4946971846563702  0  
20  98  5  135  6  1  0.3796514108735184  0.4800962718996085  0  
21  103  5  141  6  1  0.3598396826596743  0.4650017801260397  0  
22  108  5  147  6  1  0.3663945542289385  0.4494577943897488  0  
23  113  5  153  6  1  0.3682046959101545  0.4341213078857374  0  
24  118  5  159  6  1  0.3797409117713872  0.4205518716353233  0  
25  123  5  165  6  1  0.3733429130200932  0.4120469956844932  0  
26  128  5  171  6  1  0.3702950234844122  0.4117206467344057  0  
27  133  5  177  6  1  0.3802264192638044  0.4199361190645599  0  
28  138  5  183  6  1  0.3716998789001539  0.4332981486747245  0  
29  143  5  189  6  1  0.3780553861148508  0.4487184404191318  0  
30  148  5  195  6  1  0.3759316531580748  0.4644043953562113  0  
31  153  5  201  6  1  0.3831317276436928  0.4797014416376178  0  
32  158  5  207  6  1  0.3777875996442173  0.4944777732059437  0  
33  163  5  213  6  1  0.3793194612382961  0.5087283900368191  0  
34  168  5  219  6  1  0.3876138616863581  0.5225601833287425  0  
35  173  5  225  6  1  0.3858888150871843  0.5361666529553749  0  
36  178  5  231  6  1  0.3887063232193479  0.5496561647896284  0  
37  183  5  237  6  1  0.4018665881556864  0.5631670441013011  0  
38  188  5  243  6  1  0.3940970429944583  0.5768784495796596  0  
39  191  3  248  5  1  0.5198563708850326  0.4042069157214157  0  
40  192  1  253  5  1  1.0000000000000000  1.0000000000000000  0  
41  193  1  256  3  1  1.0000000000000000  1.0000000000000000  0  
42  194  1  259  3  1  1.0000000000000000  1.0000000000000000  0  
43  195  1  262  3  1  1.0000000000000000  1.0000000000000000  0  
44  196  1  265  3  1  1.0000000000000000  1.0000000000000000  0  
45  197  1  268  3  1  1.0000000000000000  1.0000000000000000  0  
46  198  1  271  3  1  1.0000000000000000  1.0000000000000000  0  
47  199  1  274  3  1  1.0000000000000000  1.0000000000000000  0  
48  200  1  277  3  1  1.0000000000000000  1.0000000000000000  0  
49  201  1  280  3  1  1.0000000000000000  1.0000000000000000  0  
50  202  1  283  3  1  1.0000000000000000  1.0000000000000000  0  
51  203  1  288  5  1  1.0000000000000000  1.0000000000000000  0  
52  204  1  291  3  1  1.0000000000000000  1.0000000000000000  0  
53  205  1  294  3  1  1.0000000000000000  1.0000000000000000  0  
54  206  1  297  3  1  1.0000000000000000  1.0000000000000000  0  
55  207  1  300  3  1  1.0000000000000000  1.0000000000000000  0  
56  208  1  303  3  1  1.0000000000000000  1.0000000000000000  0  
57  213  5  307  4  1  0.3048483260343787  0.6581539185023889  0  
58  218  5  312  5  1  0.2956018491861171  0.6461906728412508  0  
59  223  5  317  5  1  0.3078660137843835  0.6278293419088832  0  
60  228  5  322  5  1  0.3154102846441869  0.6125768826441880  0  
61  233  5  327  5  1  0.3230353835630946  0.5983387081195870  0  
62  238  5  332  5  1  0.3259457857596688  0.5847850806712737  0  
63  243  5  337  5  1  0.3268207737110082  0.5716964395734699  0  
64  248  5  342  5  1  0.3320936210627482  0.5589003136144149  0  
65  253  5  347  5  1  0.3362590821767617  0.5462455454106155  0  
66  258  5  353  6  1  0.3574020397291855  0.5335884860761546  0  
67  263  5  359  6  1  0.3473511715988529  0.5208087292609421  0  
68  268  5  365  6  1  0.3563809261112423  0.5077700896357813  0  
69  273  5  371  6  1  0.3525030910061750  0.4943889765207707  0  
70  278  5  377  6  1  0.3618873280677108  0.4805417070113978  0  
71  283  5  383  6  1  0.3652812364282367  0.4662653027465495  0  
72  288  5  389  6  1  0.3643030716018324  0.4517800346681041  0  
73  293  5  395  6  1  0.3669956562181225  0.4377555221188909  0  
74  298  5  401  6  1  0.3716698708931091  0.4256081494667115  0  
75  303  5  407  6  1  0.3761917822982461  0.4181931969305225  0  
76  308  5  413  6  1  0.3651266489525632  0.4179686169108601  0  
77  313  5  419  6  1  0.3737509856964811  0.4251751186172482  0  
78  318  5  425  6  1  0.3783022403211168  0.4373036978210865  0  
79  323  5  431  6  1  0.3699664079884250  0.4515787199651491  0  
80  328  5  437  6  1  0.3798828899352969  0.4665086155445283  0  
81  333  5  443  6  1  0.3844580826528154  0.4812171219102042  0  
82  338  5  449  6  1  0.3763740716181988  0.4956486135821643  0  
83  343  5  455  6  1  0.3801171250755335  0.5096430337930287  0  
84  348  5  461  6  1  0.3815423723211135  0.5233074335133563  0  
85  353  5  468  7  1  0.1115066926149969  0.5367359511311480  0  
86  358  5  474  6  1  0.3633296858211768  0.5501373476761230  0  
87  363  5  481  7  1  0.1094435394168084  0.5635712786861885  0  
88  368  5  488  7  1  0.1035610486746629  0.5772325852373477  0  
89  373  5  495  7  1  0.1068736084049428  0.5912663414441303  0  
90  378  5  501  6  1  0.3052058523985267  0.6058466555785864  0  
91  383  5  508  7  1  0.1107598158920761  0.6211888661956536  0  
92  388  5  515  7  1  0.0978282327924768  0.6375111482519882  0  
93  393  5  523  8  1  0.0382237101056469  0.6550833596104055  0  
94  398  5  532  9  1  0.0614095241318207  0.6741957501047544  0  
95  403  5  541  9  1  0.0310182384156216  0.6951255730699563  0  
96  408  5  549  8  1  0.0308739575653069  0.7180026197688393  0  
97  413  5  558  9  1  0.0362625671792001  0.7424448749926343  0  
98  418  5  567  9  1  0.0393503710606146  0.7667210855774936  0  
99  423  5  576  9  1  0.0389827395187696  0.7864355482492371  0  
100  428  5  585  9  1  0.0343027346068845  0.7947482374081000  0  