Timesteps  Total_Iterations  Iterations  Convergence  avgConvRate(0)  avgConvRate(1)  deleted_Columns  
1  4  4  1  0.0323101327462408  0.0173850357941118  0  
2  7  3  1  0.0219523290912287  0.0078330563597943  0  
3  10  3  1  0.0018402093319136  0.0036818800765768  0  
4  13  3  1  0.0034000497769984  0.0032187324650925  0  
5  16  3  1  0.0036048277286942  0.0028127344882774  0  
6  19  3  1  0.0031036825997932  0.0027595794965494  0  
7  22  3  1  0.0015382709745766  0.0028767716141041  0  
8  25  3  1  0.0026802512406403  0.0024599151068223  0  
9  28  3  1  0.0003480131941446  0.0000000000000000  0  
10  31  3  1  0.0013633753961413  0.0030164537919489  0  
11  34  3  1  0.0042777535360849  0.0025339850580054  0  
12  37  3  1  0.0012822284935936  0.0038530906299240  0  
13  40  3  1  0.0054587113346548  0.0037372097721269  0  
14  43  3  1  0.0002817209125865  0.0032016113723599  0  
15  46  3  1  0.0041943661692388  0.0038275187538549  0  
16  49  3  1  0.0012002435383944  0.0034634068960952  0  
17  52  3  1  0.0044221141573165  0.0032898145229581  0  
18  55  3  1  0.0011743617779120  0.0037412265986593  0  
19  58  3  1  0.0038539282377460  0.0034294738582624  0  
20  61  3  1  0.0003665119055819  0.0040829000706849  0  
21  64  3  1  0.0049343319888686  0.0055754976057189  0  
22  67  3  1  0.0002757452547932  0.0048176781102579  0  
23  70  3  1  0.0036540318669021  0.0059026196704270  0  
24  72  2  1  0.0114970346687560  0.0062571387271152  0  
25  74  2  1  0.0025388170636268  0.0425186676489287  0  
26  76  2  1  0.0121246787926076  0.1292821105775529  0  
27  79  3  1  0.0011312688895020  0.0033113937755220  0  
28  82  3  1  0.0019491905517763  0.0065939463414502  0  
29  85  3  1  0.0014437861119695  0.0031418884861641  0  
30  88  3  1  0.0011636506636667  0.0039502537197037  0  
31  91  3  1  0.0011462686753763  0.0038371018546998  0  
32  94  3  1  0.0039299817058923  0.0034400977877965  0  
33  97  3  1  0.0022562075068568  0.0029278461601492  0  
34  100  3  1  0.0011842711601668  0.0034054580579435  0  
35  103  3  1  0.0035398576918467  0.0030692632617228  0  
36  106  3  1  0.0002154983019533  0.0000000000000000  0  
37  109  3  1  0.0002692148377783  0.0031399949626093  0  
38  112  3  1  0.0048833441707470  0.0026645028262752  0  
39  115  3  1  0.0002181111671918  0.0013922918846389  0  
40  118  3  1  0.0033015017470342  0.0028669913886821  0  
41  121  3  1  0.0002782177071623  0.0028750641668681  0  
42  124  3  1  0.0038042251802770  0.0022814494651982  0  
43  127  3  1  0.0003279963189207  0.0014817984004766  0  
44  130  3  1  0.0039078778049427  0.0023431314762765  0  
45  133  3  1  0.0002847376548531  0.0000000000000000  0  
46  136  3  1  0.0038838814600349  0.0035051544102934  0  
47  139  3  1  0.0063921891414091  0.0033792073866315  0  
48  142  3  1  0.0005502091988000  0.0027497954740462  0  
49  145  3  1  0.0074363461360959  0.0033685008456862  0  
50  148  3  1  0.0006758248999822  0.0015341100186993  0  
51  151  3  1  0.0054152332220648  0.0022533855676902  0  
52  154  3  1  0.0004987173549070  0.0016139076591152  0  
53  157  3  1  0.0050195656407253  0.0021674953711378  0  
54  160  3  1  0.0004724469557246  0.0016270783662372  0  
55  163  3  1  0.0045268528632233  0.0037799213118893  0  
56  166  3  1  0.0002732467614664  0.0014696529180172  0  
57  169  3  1  0.0037059096686336  0.0022886153271933  0  
58  172  3  1  0.0002890845605338  0.0028774999669633  0  
59  175  3  1  0.0037151958020222  0.0025213952946530  0  
60  178  3  1  0.0003161628997844  0.0029507232568384  0  
61  181  3  1  0.0038989475804829  0.0026676176726100  0  
62  184  3  1  0.0003191561153649  0.0030556314855532  0  
63  187  3  1  0.0039066167912765  0.0030828185483231  0  
64  190  3  1  0.0012411432513569  0.0032379210964605  0  
65  193  3  1  0.0046348844561772  0.0038119347524753  0  
66  196  3  1  0.0012025107052630  0.0034934101603391  0  
67  199  3  1  0.0036211473857488  0.0033447691644764  0  
68  202  3  1  0.0011795678673005  0.0038047132260968  0  
69  205  3  1  0.0038557995216307  0.0064722517753296  0  
70  208  3  1  0.0002740240684141  0.0021272173662281  0  
71  211  3  1  0.0025573812502962  0.0040674052160304  0  
72  214  3  1  0.0011491283185075  0.0031033136332606  0  
73  217  3  1  0.0014442217946483  0.0071828506086941  0  
74  219  2  1  0.0114957298689906  0.0062197331068209  0  
75  221  2  1  0.0025440101782648  0.0423068229313549  0  
76  223  2  1  0.0121253568153140  0.1288880846528855  0  
77  226  3  1  0.0003554506584717  0.0068328369786502  0  
78  229  3  1  0.0041432338554446  0.0054496624784991  0  
79  232  3  1  0.0011428033425051  0.0045070229376468  0  
80  235  3  1  0.0035764927459138  0.0034071812537653  0  
81  238  3  1  0.0003229979657803  0.0037981051159358  0  
82  241  3  1  0.0036318362095432  0.0028976231677062  0  
83  244  3  1  0.0011695423139532  0.0035275419319000  0  
84  247  3  1  0.0043121695998320  0.0035698387236528  0  
85  250  3  1  0.0003481915624011  0.0022353951875670  0  
86  253  3  1  0.0012434955856680  0.0030902270612221  0  
87  256  3  1  0.0012400248433207  0.0031247149836859  0  
88  259  3  1  0.0046395664079264  0.0026645055846746  0  
89  262  3  1  0.0022285590162849  0.0033144358903289  0  
90  265  3  1  0.0002973948855534  0.0029564310684188  0  
91  268  3  1  0.0043334741292469  0.0028903261819263  0  
92  271  3  1  0.0030700483772732  0.0030293008600574  0  
93  274  3  1  0.0003757775918444  0.0028488700987871  0  
94  277  3  1  0.0047111457750379  0.0022371896271045  0  
95  280  3  1  0.0004696982786383  0.0017504856739627  0  
96  283  3  1  0.0017378168526851  0.0028124345363080  0  
97  286  3  1  0.0074624552202736  0.0022114366830769  0  
98  289  3  1  0.0021278493769041  0.0027903724613163  0  
99  292  3  1  0.0102001247406282  0.0022000215745975  0  
100  295  3  1  0.0005633703398744  0.0022907117383470  0  