Timesteps  Total_Iterations  Iterations  Convergence  avgConvRate(0)  avgConvRate(1)  deleted_Columns  
1  10  10  1  0.3100043759796893  0.1631284358756788  0  
2  15  5  1  0.1001358503384433  0.0432987928606695  0  
3  24  9  1  0.2465851330347175  0.1400576373953981  0  
4  31  7  1  0.1891099960389030  0.1141568519434312  0  
5  39  8  1  0.1890055685540387  0.1168173678790473  0  
6  46  7  1  0.1582682492166265  0.1018839251102430  0  
7  53  7  1  0.1804588704271096  0.1246135077934885  0  
8  60  7  1  0.1949637422240815  0.1311673789063944  0  
9  67  7  1  0.1603409485451140  0.1211043618696140  0  
10  73  6  1  0.1442022022666630  0.1267912698924996  0  
11  80  7  1  0.1785897109652483  0.1299449072361760  0  
12  86  6  1  0.1489861131795221  0.1236035140447156  0  
13  93  7  1  0.2153419270368883  0.1893428113279793  0  
14  99  6  1  0.2154007721241334  0.1548304087486948  0  
15  106  7  1  0.1907586688138349  0.1456688423485076  0  
16  112  6  1  0.1423439597007323  0.1272929946336716  0  
17  118  6  1  0.1471790060340130  0.1201527529970586  0  
18  124  6  1  0.1425489906785188  0.1204041225669013  0  
19  131  7  1  0.1533332344878318  0.1199978434667804  0  
20  138  7  1  0.1661587088371007  0.1261677198169499  0  
21  145  7  1  0.1613951443306197  0.1420287511913357  0  
22  152  7  1  0.1475864294322299  0.1456327722611817  0  
23  160  8  1  0.2847595546632479  0.1933791696167931  0  
24  167  7  1  0.2231129185331358  0.1451913944627863  0  
25  175  8  1  0.1981126710574186  0.1503640864026520  0  
26  182  7  1  0.2045915036690898  0.1562198898487950  0  
27  189  7  1  0.1948820948691617  0.1340125937053588  0  
28  196  7  1  0.1618798722801828  0.1137601824749430  0  
29  202  6  1  0.1393887653002781  0.0922634989668871  0  
30  209  7  1  0.1876824926947913  0.1343102155583654  0  
31  215  6  1  0.1551384146704552  0.1318600469319689  0  
32  222  7  1  0.1462067781988572  0.1085476660930990  0  
33  229  7  1  0.2104933754401133  0.1701889655379611  0  
34  236  7  1  0.2239426070228420  0.1556658405476420  0  
35  242  6  1  0.1154378185728382  0.0935849716497693  0  
36  249  7  1  0.1516067088065770  0.1613433563440776  0  
37  256  7  1  0.1559963627869347  0.1421284528879986  0  
38  263  7  1  0.1312072457891301  0.1298311327596240  0  
39  270  7  1  0.1554625898807880  0.1428960142796321  0  
40  277  7  1  0.1141196026055177  0.1203036758074003  0  
41  284  7  1  0.1560402762496566  0.1428992974683140  0  
42  291  7  1  0.1413667328871488  0.1478260756953552  0  
43  299  8  1  0.1931612895173738  0.1775567115750583  0  
44  307  8  1  0.2312468063526897  0.1599208935365600  0  
45  314  7  1  0.1733844101415976  0.1215883637351273  0  
46  322  8  1  0.1572237197031200  0.1315065460031354  0  
47  329  7  1  0.1546195760599520  0.1100297876948057  0  
48  337  8  1  0.1819335871502664  0.1369578924990984  0  
49  344  7  1  0.1536353268350608  0.1141312978968929  0  
50  351  7  1  0.1560341412492713  0.1027078339881341  0  
51  359  8  1  0.2253073150424330  0.1293664106204899  0  
52  366  7  1  0.1732576270770977  0.1251143502484660  0  
53  374  8  1  0.2237109440507609  0.1695667908725293  0  
54  381  7  1  0.1803819096470763  0.1479385003968576  0  
55  389  8  1  0.1837761335381856  0.1490431012491031  0  
56  396  7  1  0.1479975032603900  0.1391240186725455  0  
57  404  8  1  0.1590965130136414  0.1475211374799657  0  
58  411  7  1  0.1318110031001565  0.1157960081253838  0  
59  418  7  1  0.1632585366392884  0.1376676095910077  0  
60  425  7  1  0.1625021331781150  0.1430548686330902  0  
61  433  8  1  0.1833631441316727  0.1485855409750458  0  
62  441  8  1  0.2252697578576777  0.1524272750467306  0  
63  448  7  1  0.1724313436158937  0.1279237869080028  0  
64  455  7  1  0.1941456406135416  0.1548931871274529  0  
65  463  8  1  0.1649110265339030  0.1513768439197940  0  
66  471  8  1  0.1640545940058511  0.1742748912127770  0  
67  480  9  1  0.2259400531365446  0.1895991093218173  0  
68  489  9  1  0.2404169289432474  0.1748891831915071  0  
69  498  9  1  0.2504106204033301  0.1904343389228130  0  
70  506  8  1  0.2138756321971477  0.1614101126052248  0  
71  514  8  1  0.2076107844744621  0.1616932311204849  0  
72  523  9  1  0.2018782873147058  0.1551374994380945  0  
73  531  8  1  0.2293947186635850  0.1897697931895939  0  
74  539  8  1  0.1732852013123779  0.1674128138520658  0  
75  547  8  1  0.1920645152251435  0.1591279462248629  0  
76  555  8  1  0.2125098011275096  0.1844110546302525  0  
77  563  8  1  0.2219501634053671  0.1772666954269529  0  
78  571  8  1  0.1983370911870118  0.1955349454566021  0  
79  581  10  1  0.2376962456950799  0.2045525784717585  0  
80  591  10  1  0.2675116628827858  0.2129016611465601  0  
81  601  10  1  0.2640842883730738  0.1818240694253134  0  
82  611  10  1  0.2603931639149813  0.1911447170001929  0  
83  621  10  1  0.2931316643844497  0.2181334634574681  0  
84  631  10  1  0.2872191403754156  0.2225947156101934  0  
85  641  10  1  0.2598682627824082  0.2071881492037818  0  
86  652  11  1  0.2963725795850649  0.2517422121456844  0  
87  663  11  1  0.3221582846355828  0.2878258090922703  0  
88  673  10  1  0.2492120175040373  0.1910928957336998  0  
89  683  10  1  0.2210206529988884  0.2174835395984036  0  
90  691  8  1  0.2005610953257865  0.2122758950283644  0  
91  701  10  1  0.2505044681034019  0.2276270554878693  0  
92  712  11  1  0.3058700791495059  0.2300041864142591  0  
93  725  13  1  0.3323822912751248  0.2720241719726477  0  
94  737  12  1  0.3156687848791775  0.2637563881557463  0  
95  750  13  1  0.3763907155684102  0.2723390564602807  0  
96  850  100  0  -nan  -nan  0  
97  950  100  0  -nan  -nan  0  
98  1050  100  0  -nan  -nan  0  
99  1150  100  0  -nan  -nan  0  
100  1250  100  0  -nan  -nan  0  