Timesteps  Total_Iterations  Iterations  Total_Iterations_Surrogate_Model  Iterations_Surrogate_Model  Convergence  avgConvRate(0)  avgConvRate(1)  deleted_Columns  
1  7  7  10  10  1  0.2777547020747542  0.1748181409439846  0  
2  14  7  16  6  1  0.2958095053745404  0.1937482107243193  0  
3  21  7  24  8  1  0.4295328993497540  0.2373050532698266  0  
4  28  7  31  7  1  0.3250350170005417  0.2083838837532116  0  
5  35  7  37  6  1  0.3509422525160105  0.2118928770513487  0  
6  42  7  43  6  1  0.4130407148041312  0.2293625824053769  0  
7  49  7  49  6  1  0.2711188459472431  0.2000242645902818  0  
8  56  7  55  6  1  0.3209265175084744  0.2102370616608354  0  
9  63  7  61  6  1  0.2966014504360026  0.2049512242354934  0  
10  68  5  66  5  1  0.3357777659518084  0.2032102643665480  0  
11  73  5  71  5  1  0.2832019042530854  0.2203109313892104  0  
12  78  5  75  4  1  0.3677694588332732  0.1883602537125407  0  
13  85  7  80  5  1  0.3055820423396878  0.2199272233600138  0  
14  92  7  85  5  1  0.3242180422200445  0.2107783685742110  0  
15  99  7  90  5  1  0.3265889921038574  0.2110084354685963  0  
16  106  7  95  5  1  0.3239911328907419  0.2105219245151350  0  
17  113  7  100  5  1  0.3223409843704782  0.2102299037840533  0  
18  120  7  105  5  1  0.3257117932274358  0.2107356665104703  0  
19  127  7  110  5  1  0.3315194971515568  0.2114018018983403  0  
20  134  7  115  5  1  0.3355649782012995  0.2114446987062832  0  
21  141  7  120  5  1  0.3375890114696122  0.2113159600608879  0  
22  148  7  125  5  1  0.3385836980713464  0.2111301759025074  0  
23  155  7  130  5  1  0.3394116885420285  0.2111960794996796  0  
24  160  5  134  4  1  0.4507023397131371  0.2340999523498055  0  
25  165  5  138  4  1  0.4528619498122682  0.2361360351632376  0  
26  170  5  142  4  1  0.4548826172736318  0.2380419704992114  0  
27  175  5  146  4  1  0.4566170609862735  0.2395818690826627  0  
28  180  5  150  4  1  0.4579093590476078  0.2407096324396804  0  
29  185  5  154  4  1  0.4589840858421660  0.2417156399062519  0  
30  190  5  158  4  1  0.4600809747243857  0.2426532201141396  0  
31  195  5  162  4  1  0.4612902812982214  0.2434902976206560  0  
32  200  5  166  4  1  0.4625800462751629  0.2443035848445479  0  
33  205  5  170  4  1  0.4638283848319767  0.2450329255490402  0  
34  210  5  174  4  1  0.4649704136139001  0.2456472132842535  0  
35  215  5  178  4  1  0.4660203686293802  0.2461634016260285  0  
36  220  5  182  4  1  0.4670596478963620  0.2465841232222698  0  
37  225  5  186  4  1  0.4681312204273618  0.2469181207615067  0  
38  230  5  190  4  1  0.4692270262054740  0.2470468068713280  0  
39  235  5  194  4  1  0.4703359615228641  0.2469631127208584  0  
40  240  5  198  4  1  0.4714520475091592  0.2466867293759278  0  
41  245  5  202  4  1  0.4725707887645523  0.2461626742130995  0  
42  250  5  206  4  1  0.4737258038494309  0.2452590091787898  0  
43  255  5  210  4  1  0.4749590964936589  0.2439650635347861  0  
44  260  5  214  4  1  0.4762744663814059  0.2418529532899383  0  
45  265  5  218  4  1  0.4776730485926470  0.2384226773964053  0  
46  270  5  222  4  1  0.4792118525791754  0.2331323714950357  0  
47  275  5  226  4  1  0.4808998151678555  0.2241554295297380  0  
48  280  5  230  4  1  0.4828487456500547  0.2081511187518534  0  
49  285  5  234  4  1  0.4851269566425347  0.1752892118089776  0  
50  286  1  237  3  1  1.0000000000000000  1.0000000000000000  0  
51  287  1  240  3  1  1.0000000000000000  1.0000000000000000  0  
52  288  1  243  3  1  1.0000000000000000  1.0000000000000000  0  
53  289  1  246  3  1  1.0000000000000000  1.0000000000000000  0  
54  290  1  249  3  1  1.0000000000000000  1.0000000000000000  0  
55  291  1  252  3  1  1.0000000000000000  1.0000000000000000  0  
56  292  1  255  3  1  1.0000000000000000  1.0000000000000000  0  
57  293  1  258  3  1  1.0000000000000000  1.0000000000000000  0  
58  294  1  261  3  1  1.0000000000000000  1.0000000000000000  0  
59  295  1  264  3  1  1.0000000000000000  1.0000000000000000  0  
60  300  5  269  5  1  0.4177879045924912  0.2290984808693440  0  
61  305  5  273  4  1  0.4253026989574050  0.2074446627170583  0  
62  310  5  277  4  1  0.4300062824402422  0.2133383432083423  0  
63  315  5  281  4  1  0.4363017686119326  0.2204133736009103  0  
64  320  5  285  4  1  0.4404463333786962  0.2250063699904573  0  
65  325  5  289  4  1  0.4430224116572590  0.2276199514589331  0  
66  330  5  293  4  1  0.4448261036249671  0.2293099587851409  0  
67  335  5  297  4  1  0.4463283114477295  0.2309251844606396  0  
68  340  5  301  4  1  0.4477785833557280  0.2322137695559317  0  
69  345  5  305  4  1  0.4489779466311793  0.2333093477654060  0  
70  350  5  309  4  1  0.4500889942057059  0.2342343990840977  0  
71  355  5  313  4  1  0.4509754150313053  0.2349116045553976  0  
72  360  5  317  4  1  0.4516994728206019  0.2353928420791054  0  
73  365  5  321  4  1  0.4523368159200774  0.2358240505333422  0  
74  370  5  325  4  1  0.4529082239464897  0.2361131437560384  0  
75  377  7  330  5  1  0.3423679730319704  0.2225521388068416  0  
76  384  7  335  5  1  0.3417342417120907  0.2108921042507763  0  
77  391  7  340  5  1  0.3414728484714956  0.2108344307936773  0  
78  398  7  345  5  1  0.3412862194662823  0.2107465235308172  0  
79  405  7  350  5  1  0.3410229795047456  0.2107183409835011  0  
80  412  7  355  5  1  0.3407336464678338  0.2105982512690283  0  
81  419  7  360  5  1  0.3404794333702763  0.2105549475661844  0  
82  426  7  365  5  1  0.3402007155796810  0.2104994713585955  0  
83  433  7  370  5  1  0.3399451192725625  0.2105190061224688  0  
84  440  7  375  5  1  0.3396416798797024  0.2103394192553663  0  
85  447  7  380  5  1  0.3393201091796196  0.2101862957909320  0  
86  454  7  385  5  1  0.3389903298743467  0.2099987432093458  0  
87  461  7  390  5  1  0.3386154654309290  0.2098634149480406  0  
88  468  7  395  5  1  0.3381581590574516  0.2095256689377128  0  
89  475  7  400  5  1  0.3376495671430685  0.2093461852372590  0  
90  482  7  405  5  1  0.3369750110953153  0.2088774638958019  0  
91  489  7  410  5  1  0.3361074217317377  0.2084207263193554  0  
92  496  7  415  5  1  0.3349634029817165  0.2077130374296492  0  
93  503  7  420  5  1  0.3333678740190885  0.2068782090814994  0  
94  510  7  425  5  1  0.3311118542139803  0.2057209639509539  0  
95  517  7  430  5  1  0.3277536529541555  0.2041561681728828  0  
96  524  7  435  5  1  0.3225690388916088  0.2018671178527972  0  
97  531  7  441  6  1  0.3140316396844961  0.1985563390103284  0  
98  540  9  448  7  1  0.2575808184483527  0.1997913984100925  0  
99  547  7  454  6  1  0.2552580591065451  0.1808000731277570  0  
100  554  7  460  6  1  0.2617775995961380  0.1606548285891365  0  