Timesteps  Total_Iterations  Iterations  Total_Iterations_Surrogate_Model  Iterations_Surrogate_Model  Convergence  avgConvRate(0)  avgConvRate(1)  deleted_Columns  
1  7  7  10  10  1  0.2605581763156883  0.1537704365465071  0  
2  14  7  18  8  1  0.2511446923238145  0.1606960266853999  0  
3  21  7  26  8  1  0.2390820373979948  0.1279829066949025  0  
4  28  7  32  6  1  0.2608282587518548  0.1493332802215922  0  
5  35  7  37  5  1  0.2521614804309852  0.1591940890781671  0  
6  42  7  42  5  1  0.2391485563329125  0.1518253497855809  0  
7  49  7  47  5  1  0.2318714016809374  0.1542417645082928  0  
8  56  7  52  5  1  0.2263413366103816  0.1543561829467107  0  
9  63  7  58  6  1  0.2237489465654578  0.1484353407034743  0  
10  70  7  63  5  1  0.2179608462706338  0.1505112974502407  0  
11  77  7  68  5  1  0.2133611077798844  0.1529302578656610  0  
12  84  7  73  5  1  0.2109749447670572  0.1494870281159781  0  
13  91  7  78  5  1  0.2080360566485562  0.1512465478817427  0  
14  98  7  83  5  1  0.2056600202131517  0.1508298919991878  0  
15  105  7  88  5  1  0.2037853363311099  0.1511719030656753  0  
16  110  5  92  4  1  0.4084103186083232  0.1766920471135268  0  
17  115  5  96  4  1  0.4072959085186232  0.1753738399827949  0  
18  120  5  100  4  1  0.4062466325533524  0.1741680998452640  0  
19  125  5  104  4  1  0.4052711005065245  0.1730426178596837  0  
20  130  5  108  4  1  0.4043516818343946  0.1719953356459031  0  
21  135  5  112  4  1  0.4034731112802963  0.1709821567734208  0  
22  140  5  116  4  1  0.4026119654599514  0.1700044552590995  0  
23  145  5  120  4  1  0.4017817687525363  0.1690411197623061  0  
24  150  5  124  4  1  0.4009751624397593  0.1681078157428788  0  
25  155  5  128  4  1  0.4001774465076466  0.1671889167314060  0  
26  160  5  132  4  1  0.3993892688182774  0.1662731299281743  0  
27  165  5  136  4  1  0.3986058585419717  0.1653617685741281  0  
28  170  5  140  4  1  0.3978154930404322  0.1644490450432509  0  
29  175  5  144  4  1  0.3970231139821793  0.1635251742348460  0  
30  180  5  148  4  1  0.3962168604712879  0.1625864894316244  0  
31  185  5  152  4  1  0.3953944650306953  0.1616225915237997  0  
32  190  5  156  4  1  0.3945532164079009  0.1606305313639632  0  
33  195  5  160  4  1  0.3936752814712138  0.1596060135600487  0  
34  200  5  164  4  1  0.3927691865703964  0.1585165338082700  0  
35  205  5  168  4  1  0.3918087240495213  0.1573783170744382  0  
36  210  5  172  4  1  0.3907938563401772  0.1561479993812992  0  
37  215  5  176  4  1  0.3896977571712433  0.1548367832549237  0  
38  220  5  180  4  1  0.3885038376905129  0.1533989968554983  0  
39  225  5  184  4  1  0.3871878086757331  0.1518094069396758  0  
40  230  5  188  4  1  0.3857204044916434  0.1500169952963773  0  
41  235  5  192  4  1  0.3840409483791347  0.1479799428605266  0  
42  240  5  196  4  1  0.3820856098059396  0.1456666539260637  0  
43  245  5  200  4  1  0.3797539942973035  0.1429321967477804  0  
44  250  5  204  4  1  0.3768887486307599  0.1397578636953372  0  
45  255  5  208  4  1  0.3732361469498742  0.1362392934556416  0  
46  260  5  212  4  1  0.3683710001242515  0.1328832517298062  0  
47  261  1  215  3  1  1.0000000000000000  1.0000000000000000  0  
48  262  1  218  3  1  1.0000000000000000  1.0000000000000000  0  
49  263  1  221  3  1  1.0000000000000000  1.0000000000000000  0  
50  264  1  224  3  1  1.0000000000000000  1.0000000000000000  0  
51  265  1  227  3  1  1.0000000000000000  1.0000000000000000  0  
52  266  1  230  3  1  1.0000000000000000  1.0000000000000000  0  
53  267  1  233  3  1  1.0000000000000000  1.0000000000000000  0  
54  268  1  236  3  1  1.0000000000000000  1.0000000000000000  0  
55  269  1  239  3  1  1.0000000000000000  1.0000000000000000  0  
56  270  1  242  3  1  1.0000000000000000  1.0000000000000000  0  
57  271  1  245  3  1  1.0000000000000000  1.0000000000000000  0  
58  272  1  248  3  1  1.0000000000000000  1.0000000000000000  0  
59  277  5  252  4  1  0.4212486976992051  0.2071554396410510  0  
60  282  5  256  4  1  0.4142194606142795  0.1844138309317102  0  
61  287  5  260  4  1  0.4123762561453353  0.1818130057160921  0  
62  292  5  264  4  1  0.4105726004341362  0.1798529068962659  0  
63  297  5  268  4  1  0.4091497013704263  0.1782257407530005  0  
64  302  5  272  4  1  0.4079948342604592  0.1768729036538915  0  
65  307  5  276  4  1  0.4069571012903370  0.1756442502086983  0  
66  312  5  280  4  1  0.4059771061928431  0.1744818341788300  0  
67  317  5  284  4  1  0.4051015175283657  0.1734247141100336  0  
68  322  5  288  4  1  0.4043202053302191  0.1724669887158020  0  
69  327  5  292  4  1  0.4036151915650360  0.1715865356872012  0  
70  332  5  296  4  1  0.4029736050759504  0.1707729575000331  0  
71  337  5  300  4  1  0.4023570596720910  0.1699915844152867  0  
72  342  5  304  4  1  0.4017806867591971  0.1692540089015572  0  
73  347  5  308  4  1  0.4012258264116539  0.1685339934123875  0  
74  352  5  312  4  1  0.4006838009700729  0.1678364518339004  0  
75  357  5  316  4  1  0.4001660774508840  0.1671535953123815  0  
76  362  5  320  4  1  0.3996593986515232  0.1664723392600742  0  
77  367  5  324  4  1  0.3991460259554521  0.1657918402434781  0  
78  372  5  328  4  1  0.3986298762634291  0.1651035302260592  0  
79  377  5  332  4  1  0.3981004880701108  0.1644018143059296  0  
80  382  5  336  4  1  0.3975566460016589  0.1636727911967263  0  
81  387  5  340  4  1  0.3969908364626983  0.1629198077159174  0  
82  392  5  344  4  1  0.3963944146288220  0.1621271941350054  0  
83  399  7  349  5  1  0.1797005555225334  0.1559211847805206  0  
84  406  7  354  5  1  0.1788247527390259  0.1482030794801029  0  
85  413  7  359  5  1  0.1779984902855359  0.1474889687915800  0  
86  420  7  364  5  1  0.1769414160505313  0.1439943535255771  0  
87  427  7  369  5  1  0.1738928775891648  0.1498391447960346  0  
88  434  7  374  5  1  0.1729960983863050  0.1479194533118263  0  
89  441  7  379  5  1  0.1720874002357724  0.1447579083655768  0  
90  448  7  384  5  1  0.1696127283911079  0.1490933659613340  0  
91  455  7  389  5  1  0.1684264506500152  0.1445141468557100  0  
92  462  7  394  5  1  0.1680718324726114  0.1426628850585948  0  
93  469  7  399  5  1  0.1660475844780259  0.1484406614099654  0  
94  476  7  404  5  1  0.1705021958215550  0.1456731531466933  0  
95  483  7  409  5  1  0.1748224565107134  0.1406091802501829  0  
96  490  7  415  6  1  0.1852135214481694  0.1339966114114285  0  
97  497  7  420  5  1  0.1977466041448333  0.1308950372536164  0  
98  504  7  426  6  1  0.2138354629430020  0.1104951558788937  0  
99  511  7  431  5  1  0.2321216053997255  0.1378400248021754  0  
100  518  7  437  6  1  0.2507523634543647  0.1290146059311252  0  