Timesteps  Total_Iterations  Iterations  Total_Iterations_Surrogate_Model  Iterations_Surrogate_Model  Convergence  avgConvRate(0)  avgConvRate(1)  deleted_Columns  
1  3  3  4  4  1  0.0451705720994718  0.9996358267172957  0  
2  6  3  8  4  1  0.0452913508222282  0.9996355761918648  0  
3  9  3  12  4  1  0.0456475518529155  0.9996348551761534  0  
4  12  3  16  4  1  0.0455531194945633  0.9996350676833806  0  
5  15  3  20  4  1  0.0456703211430244  0.9996348524507414  0  
6  18  3  24  4  1  0.0456403091457301  0.9996349499404957  0  
7  21  3  28  4  1  0.0456414880451605  0.9996349883554808  0  
8  24  3  32  4  1  0.0454560781086890  0.9996354223755163  0  
9  27  3  36  4  1  0.0455466508431509  0.9996353123602447  0  
10  30  3  40  4  1  0.0456579725476075  0.9996351706814000  0  
11  33  3  44  4  1  0.0455024080864286  0.9996355965003224  0  
12  36  3  48  4  1  0.0455675375476064  0.9996356079213142  0  
13  39  3  52  4  1  0.0454344962543217  0.9996360615162497  0  
14  42  3  54  2  1  0.1647102674530853  0.9996349204168111  0  
15  45  3  56  2  1  0.2408231156140359  0.9996349201059829  0  
16  48  3  58  2  1  0.3687309132866093  0.9996349202279253  0  
17  49  1  60  2  1  1.0000000000000000  1.0000000000000000  0  
18  50  1  62  2  1  1.0000000000000000  1.0000000000000000  0  
19  51  1  64  2  1  1.0000000000000000  1.0000000000000000  0  
20  52  1  66  2  1  1.0000000000000000  1.0000000000000000  0  
21  53  1  68  2  1  1.0000000000000000  1.0000000000000000  0  
22  54  1  70  2  1  1.0000000000000000  1.0000000000000000  0  
23  55  1  72  2  1  1.0000000000000000  1.0000000000000000  0  
24  56  1  74  2  1  1.0000000000000000  1.0000000000000000  0  
25  57  1  76  2  1  1.0000000000000000  1.0000000000000000  0  
26  58  1  78  2  1  1.0000000000000000  1.0000000000000000  0  
27  59  1  80  2  1  1.0000000000000000  1.0000000000000000  0  
28  60  1  82  2  1  1.0000000000000000  1.0000000000000000  0  
29  61  1  84  2  1  1.0000000000000000  1.0000000000000000  0  
30  62  1  86  2  1  1.0000000000000000  1.0000000000000000  0  
31  63  1  88  2  1  1.0000000000000000  1.0000000000000000  0  
32  64  1  90  2  1  1.0000000000000000  1.0000000000000000  0  
33  65  1  92  2  1  1.0000000000000000  1.0000000000000000  0  
34  66  1  94  2  1  1.0000000000000000  1.0000000000000000  0  
35  67  1  96  2  1  1.0000000000000000  1.0000000000000000  0  
36  68  1  98  2  1  1.0000000000000000  1.0000000000000000  0  
37  69  1  100  2  1  1.0000000000000000  1.0000000000000000  0  
38  70  1  102  2  1  1.0000000000000000  1.0000000000000000  0  
39  71  1  104  2  1  1.0000000000000000  1.0000000000000000  0  
40  72  1  106  2  1  1.0000000000000000  1.0000000000000000  0  
41  73  1  108  2  1  1.0000000000000000  1.0000000000000000  0  
42  74  1  110  2  1  1.0000000000000000  1.0000000000000000  0  
43  75  1  112  2  1  1.0000000000000000  1.0000000000000000  0  
44  76  1  114  2  1  1.0000000000000000  1.0000000000000000  0  
45  77  1  116  2  1  1.0000000000000000  1.0000000000000000  0  
46  78  1  118  2  1  1.0000000000000000  1.0000000000000000  0  
47  79  1  120  2  1  1.0000000000000000  1.0000000000000000  0  
48  80  1  122  2  1  1.0000000000000000  1.0000000000000000  0  
49  81  1  124  2  1  1.0000000000000000  1.0000000000000000  0  
50  82  1  126  2  1  1.0000000000000000  1.0000000000000000  0  
51  83  1  128  2  1  1.0000000000000000  1.0000000000000000  0  
52  84  1  130  2  1  1.0000000000000000  1.0000000000000000  0  
53  85  1  132  2  1  1.0000000000000000  1.0000000000000000  0  
54  86  1  134  2  1  1.0000000000000000  1.0000000000000000  0  
55  87  1  136  2  1  1.0000000000000000  1.0000000000000000  0  
56  88  1  138  2  1  1.0000000000000000  1.0000000000000000  0  
57  89  1  140  2  1  1.0000000000000000  1.0000000000000000  0  
58  90  1  142  2  1  1.0000000000000000  1.0000000000000000  0  
59  91  1  144  2  1  1.0000000000000000  1.0000000000000000  0  
60  92  1  146  2  1  1.0000000000000000  1.0000000000000000  0  
61  93  1  148  2  1  1.0000000000000000  1.0000000000000000  0  
62  94  1  150  2  1  1.0000000000000000  1.0000000000000000  0  
63  95  1  152  2  1  1.0000000000000000  1.0000000000000000  0  
64  96  1  154  2  1  1.0000000000000000  1.0000000000000000  0  
65  97  1  156  2  1  1.0000000000000000  1.0000000000000000  0  
66  98  1  158  2  1  1.0000000000000000  1.0000000000000000  0  
67  99  1  160  2  1  1.0000000000000000  1.0000000000000000  0  
68  100  1  162  2  1  1.0000000000000000  1.0000000000000000  0  
69  101  1  164  2  1  1.0000000000000000  1.0000000000000000  0  
70  102  1  166  2  1  1.0000000000000000  1.0000000000000000  0  
71  103  1  168  2  1  1.0000000000000000  1.0000000000000000  0  
72  104  1  170  2  1  1.0000000000000000  1.0000000000000000  0  
73  105  1  172  2  1  1.0000000000000000  1.0000000000000000  0  
74  106  1  174  2  1  1.0000000000000000  1.0000000000000000  0  
75  107  1  176  2  1  1.0000000000000000  1.0000000000000000  0  
76  108  1  178  2  1  1.0000000000000000  1.0000000000000000  0  
77  109  1  180  2  1  1.0000000000000000  1.0000000000000000  0  
78  110  1  182  2  1  1.0000000000000000  1.0000000000000000  0  
79  111  1  184  2  1  1.0000000000000000  1.0000000000000000  0  
80  112  1  186  2  1  1.0000000000000000  1.0000000000000000  0  
81  113  1  188  2  1  1.0000000000000000  1.0000000000000000  0  
82  114  1  190  2  1  1.0000000000000000  1.0000000000000000  0  
83  115  1  192  2  1  1.0000000000000000  1.0000000000000000  0  
84  116  1  194  2  1  1.0000000000000000  1.0000000000000000  0  
85  117  1  196  2  1  1.0000000000000000  1.0000000000000000  0  
86  118  1  198  2  1  1.0000000000000000  1.0000000000000000  0  
87  121  3  202  4  1  0.0455989008279709  0.9996349391263964  0  
88  124  3  206  4  1  0.0456027225619280  0.9996349905703279  0  
89  127  3  210  4  1  0.0453588853456074  0.9996375688064869  0  
90  130  3  214  4  1  0.0451055557025171  0.9996371346351298  0  
91  133  3  218  4  1  0.0453994774783058  0.9996356856790671  0  
92  136  3  222  4  1  0.0455468026881140  0.9996352338556529  0  
93  139  3  226  4  1  0.0455059340352274  0.9996352547823228  0  
94  142  3  230  4  1  0.0454305116433391  0.9996353718372928  0  
95  145  3  234  4  1  0.0455057141425671  0.9996351830531157  0  
96  148  3  238  4  1  0.0456153950133166  0.9996349342884312  0  
97  151  3  242  4  1  0.0455647099180504  0.9996350200936212  0  
98  154  3  246  4  1  0.0455739075062213  0.9996349922955329  0  
99  157  3  250  4  1  0.0456475441387985  0.9996348320293690  0  
100  162  5  256  6  1  0.0748053720277710  0.4720658841086426  0  