Timesteps  Total_Iterations  Iterations  Total_Iterations_Surrogate_Model  Iterations_Surrogate_Model  Convergence  avgConvRate(0)  avgConvRate(1)  deleted_Columns  
1  7  7  8  8  1  0.2702971550672101  0.1449938347511605  0  
2  12  5  13  5  1  0.1618140200664360  0.0463041146320814  0  
3  17  5  18  5  1  0.1392237732418170  0.0432056609551002  0  
4  22  5  22  4  1  0.1115125831400471  0.0556422112371965  0  
5  27  5  26  4  1  0.0788783539829664  0.0459545793062885  0  
6  32  5  30  4  1  0.0767966286755706  0.0464274414705594  0  
7  37  5  34  4  1  0.1157704667275438  0.0263484229880149  0  
8  42  5  38  4  1  0.0966113691702063  0.0308923416722315  0  
9  47  5  42  4  1  0.0897891413412781  0.0387112846101437  0  
10  52  5  46  4  1  0.1034021135573037  0.0441462403099543  0  
11  57  5  50  4  1  0.0997822847675841  0.0335467425223775  0  
12  62  5  54  4  1  0.1052086985098608  0.0339056555681874  0  
13  67  5  58  4  1  0.1122451014899644  0.0487690379906820  0  
14  72  5  62  4  1  0.1092432925238541  0.0469798841343549  0  
15  77  5  66  4  1  0.1042012919170747  0.0583634046733084  0  
16  82  5  70  4  1  0.0979657901835436  0.0430932645867780  0  
17  87  5  74  4  1  0.1089297786085289  0.0482199792586547  0  
18  92  5  78  4  1  0.1029595965928677  0.0560773073263221  0  
19  97  5  82  4  1  0.1001440277696296  0.0588565078037347  0  
20  102  5  86  4  1  0.0953063326866377  0.0394806677264949  0  
21  107  5  90  4  1  0.0883988148875389  0.0387964233910791  0  
22  112  5  94  4  1  0.0845488570655980  0.0388956316538184  0  
23  117  5  98  4  1  0.1008170995098442  0.0468028433721671  0  
24  122  5  102  4  1  0.0921559199990108  0.0359957374255251  0  
25  127  5  106  4  1  0.0742261826361653  0.0389791798327837  0  
26  132  5  110  4  1  0.0677358100792778  0.0235354298876932  0  
27  137  5  114  4  1  0.0537615313970584  0.0468364336250200  0  
28  142  5  118  4  1  0.0723964030420320  0.0372071991620337  0  
29  147  5  122  4  1  0.0778257396007437  0.0276856037014079  0  
30  152  5  126  4  1  0.0819780521333786  0.0493696158879667  0  
31  157  5  130  4  1  0.0813775472423477  0.0476498105584717  0  
32  162  5  134  4  1  0.0975565670736015  0.0356146479776601  0  
33  167  5  138  4  1  0.1130530144938882  0.0440012846717434  0  
34  172  5  142  4  1  0.1014772112573240  0.0506080736946614  0  
35  177  5  146  4  1  0.1120203651678089  0.0583896525388181  0  
36  182  5  150  4  1  0.1081107159561811  0.0910474310051017  0  
37  187  5  154  4  1  0.0919760147776184  0.0302785518127361  0  
38  192  5  158  4  1  0.1217818366018333  0.0746744619329612  0  
39  197  5  162  4  1  0.1356864767375504  0.0912161823877143  0  
40  202  5  166  4  1  0.1315517456438964  0.0598363997889296  0  
41  207  5  170  4  1  0.1304271715848766  0.0914144950524733  0  
42  212  5  174  4  1  0.1357904619879526  0.0702796561801130  0  
43  217  5  178  4  1  0.1176603101985217  0.0548076190101489  0  
44  222  5  182  4  1  0.1137663040956063  0.0939784297540381  0  
45  227  5  186  4  1  0.1455445276803843  0.1209332596324932  0  
46  232  5  190  4  1  0.1198475091351914  0.0824691258338785  0  
47  237  5  194  4  1  0.1412133006241564  0.1049583051053613  0  
48  238  1  197  3  1  1.0000000000000000  1.0000000000000000  0  
49  239  1  200  3  1  1.0000000000000000  1.0000000000000000  0  
50  240  1  203  3  1  1.0000000000000000  1.0000000000000000  0  
51  241  1  206  3  1  1.0000000000000000  1.0000000000000000  0  
52  242  1  209  3  1  1.0000000000000000  1.0000000000000000  0  
53  243  1  212  3  1  1.0000000000000000  1.0000000000000000  0  
54  244  1  215  3  1  1.0000000000000000  1.0000000000000000  0  
55  245  1  218  3  1  1.0000000000000000  1.0000000000000000  0  
56  246  1  221  3  1  1.0000000000000000  1.0000000000000000  0  
57  247  1  224  3  1  1.0000000000000000  1.0000000000000000  0  
58  248  1  227  3  1  1.0000000000000000  1.0000000000000000  0  
59  253  5  231  4  1  0.3470331392093194  0.2980449947149388  0  
60  258  5  235  4  1  0.2503759273217115  0.1863150980630253  0  
61  263  5  239  4  1  0.1427755716262296  0.0917467530805691  0  
62  268  5  243  4  1  0.1906192591791577  0.0901945143422272  0  
63  273  5  247  4  1  0.1354184783019003  0.0528314803272108  0  
64  278  5  251  4  1  0.0756978367100663  0.0244091943414076  0  
65  283  5  255  4  1  0.0944249019079865  0.0317105099985222  0  
66  288  5  259  4  1  0.0898486670635331  0.0509450317137251  0  
67  293  5  263  4  1  0.1046158821760672  0.0399352102528215  0  
68  298  5  267  4  1  0.1040890911557966  0.0420512574139671  0  
69  303  5  271  4  1  0.0956165344602668  0.0496919175585468  0  
70  308  5  275  4  1  0.0925936162777638  0.0430146216118701  0  
71  313  5  279  4  1  0.0830779158885951  0.0280511170469200  0  
72  318  5  283  4  1  0.0958095275001937  0.0455441547458676  0  
73  323  5  287  4  1  0.0900501975309869  0.0491747981438910  0  
74  328  5  291  4  1  0.0851351262637615  0.0504342981115431  0  
75  333  5  295  4  1  0.0775884171197045  0.0270382126941761  0  
76  338  5  299  4  1  0.0731566873915588  0.0248018329384525  0  
77  343  5  303  4  1  0.0553066232991365  0.0274868090584964  0  
78  348  5  307  4  1  0.0676138159588257  0.0407084861824461  0  
79  353  5  311  4  1  0.0756883262483475  0.0488238031147283  0  
80  358  5  315  4  1  0.0835132829484083  0.0534362129600692  0  
81  363  5  319  4  1  0.0859781428317074  0.0592856974403982  0  
82  368  5  323  4  1  0.0986623620344605  0.0638617584481190  0  
83  373  5  327  4  1  0.0868825362764791  0.0460544811170942  0  
84  378  5  331  4  1  0.1059419761753546  0.0580344706361980  0  
85  383  5  335  4  1  0.1180825223994750  0.0765764862004634  0  
86  388  5  339  4  1  0.1160059019222585  0.0701468968408286  0  
87  393  5  343  4  1  0.0997516974712531  0.0634992455643886  0  
88  398  5  347  4  1  0.1329472626929452  0.0896779455654459  0  
89  403  5  351  4  1  0.1331847937806922  0.0861213658720058  0  
90  408  5  355  4  1  0.1123055717835810  0.0633776847443589  0  
91  413  5  359  4  1  0.0732157555124289  0.0947335006823430  0  
92  418  5  363  4  1  0.1343265714731946  0.0919588895938081  0  
93  423  5  367  4  1  0.1262091065032622  0.0778867231315129  0  
94  428  5  371  4  1  0.1464091747502291  0.0845534503174039  0  
95  433  5  375  4  1  0.1119153603209131  0.1148068463062997  0  
96  438  5  379  4  1  0.1450146917043509  0.0905921252122866  0  
97  443  5  383  4  1  0.1170469650028603  0.0753484023114966  0  
98  448  5  388  5  1  0.1134753897648964  0.0955229414423562  0  
99  453  5  393  5  1  0.0967452948403202  0.1198316899708127  0  
100  458  5  397  4  1  0.1292676743624472  0.1244943401668101  0  