Timesteps  Total_Iterations  Iterations  Total_Iterations_Surrogate_Model  Iterations_Surrogate_Model  Convergence  avgConvRate(0)  avgConvRate(1)  deleted_Columns  
1  7  7  10  10  1  0.2605581763156883  0.1537704365465071  0  
2  14  7  18  8  1  0.3103214060074878  0.2944494991590980  0  
3  21  7  24  6  1  0.4355829629326340  0.3242664793938169  0  
4  30  9  32  8  1  0.5257005052573918  0.4267689345957086  0  
5  39  9  39  7  1  0.5279881680635277  0.5586670871197609  0  
6  44  5  45  6  1  0.2555302670193323  0.1298760253529335  1  
7  49  5  50  5  1  0.0779795181122311  0.0824939656773333  0  
8  54  5  54  4  1  0.1077057042500810  0.0751427648761520  0  
9  59  5  58  4  1  0.0628703108193077  0.0582936050447693  0  
10  64  5  62  4  1  0.0805049436205755  0.0440894228396873  0  
11  69  5  66  4  1  0.0807865522916293  0.0418172131498735  0  
12  74  5  70  4  1  0.0774836540505990  0.0532235592434941  0  
13  79  5  74  4  1  0.0916595390511523  0.0581820486133347  0  
14  84  5  78  4  1  0.0872202964083259  0.0443213522226896  0  
15  89  5  82  4  1  0.0804217343958899  0.0542280810637482  0  
16  94  5  86  4  1  0.0700821812713713  0.1020693277082823  0  
17  99  5  90  4  1  0.0811548259293980  0.0650942235801108  0  
18  104  5  94  4  1  0.0880875869826016  0.0520063698375492  0  
19  109  5  98  4  1  0.0628754377331444  0.0450569121270228  0  
20  114  5  102  4  1  0.0784184125978781  0.0473603667992146  0  
21  119  5  106  4  1  0.1073902082797352  0.0652581225001223  0  
22  124  5  110  4  1  0.0731937076174871  0.0478074077029611  0  
23  129  5  114  4  1  0.0712684154984995  0.0400735766659309  0  
24  134  5  118  4  1  0.0705583090000574  0.0414653803916772  0  
25  139  5  122  4  1  0.0546152161362452  0.0389570981425350  0  
26  144  5  126  4  1  0.0580715517841850  0.0510097303990302  0  
27  149  5  130  4  1  0.0774877957838421  0.0571819112841332  0  
28  154  5  134  4  1  0.0837467520863782  0.0735043055794387  0  
29  159  5  138  4  1  0.0640996283792454  0.0409082540122899  0  
30  164  5  142  4  1  0.0574663873094703  0.0393728843961461  0  
31  169  5  146  4  1  0.0710284387106616  0.0437193362247880  0  
32  174  5  150  4  1  0.0669300146722773  0.0384863317410786  0  
33  179  5  154  4  1  0.0863699584982049  0.0374660187980060  0  
34  184  5  158  4  1  0.0700737515219912  0.0490288887453285  0  
35  189  5  162  4  1  0.0905147717245074  0.0535139165534494  0  
36  194  5  166  4  1  0.0787676490125742  0.0402858718680501  0  
37  199  5  170  4  1  0.0817676456633760  0.0414371522163022  0  
38  204  5  174  4  1  0.0986716429829632  0.0567579284705807  0  
39  209  5  178  4  1  0.0857703165305019  0.0533626063890472  0  
40  214  5  182  4  1  0.0363118955516932  0.0685676252454749  0  
41  219  5  186  4  1  0.1048644023707401  0.0878977851963963  0  
42  224  5  190  4  1  0.0776981258507157  0.0375660236935120  0  
43  229  5  194  4  1  0.0973226309538803  0.0767428965414297  0  
44  234  5  198  4  1  0.0727203302975301  0.0798572990941905  0  
45  239  5  202  4  1  0.0966607450357715  0.0801423023321857  0  
46  244  5  206  4  1  0.0957455663672959  0.0891580010954668  0  
47  245  1  209  3  1  1.0000000000000000  1.0000000000000000  0  
48  246  1  212  3  1  1.0000000000000000  1.0000000000000000  0  
49  247  1  215  3  1  1.0000000000000000  1.0000000000000000  0  
50  248  1  218  3  1  1.0000000000000000  1.0000000000000000  0  
51  249  1  221  3  1  1.0000000000000000  1.0000000000000000  0  
52  250  1  224  3  1  1.0000000000000000  1.0000000000000000  0  
53  251  1  227  3  1  1.0000000000000000  1.0000000000000000  0  
54  252  1  230  3  1  1.0000000000000000  1.0000000000000000  0  
55  253  1  233  3  1  1.0000000000000000  1.0000000000000000  0  
56  254  1  236  3  1  1.0000000000000000  1.0000000000000000  0  
57  255  1  239  3  1  1.0000000000000000  1.0000000000000000  0  
58  256  1  242  3  1  1.0000000000000000  1.0000000000000000  0  
59  261  5  246  4  1  0.2201757165021022  0.2664841246973251  0  
60  266  5  250  4  1  0.1358234290723488  0.1438324844171959  0  
61  271  5  254  4  1  0.0966547923480421  0.0835456775697311  0  
62  276  5  258  4  1  0.1291746974134298  0.0522953304575811  0  
63  281  5  262  4  1  0.1158933509800440  0.0563978344929634  0  
64  286  5  266  4  1  0.0902401877297169  0.0452877108737727  0  
65  291  5  270  4  1  0.0769804120579320  0.0479996753497674  0  
66  296  5  274  4  1  0.0812748673268907  0.0442992630507362  0  
67  301  5  278  4  1  0.0698063870694353  0.0412726595643950  0  
68  306  5  282  4  1  0.0731997968373027  0.0448568062346094  0  
69  311  5  286  4  1  0.0855428838214277  0.0721420590479688  0  
70  316  5  290  4  1  0.0795982282902158  0.0541301119063267  0  
71  321  5  294  4  1  0.0653856115765644  0.0491735835479369  0  
72  326  5  298  4  1  0.0758816730069653  0.0403507137306602  0  
73  331  5  302  4  1  0.0805492540585694  0.0498758663703053  0  
74  336  5  306  4  1  0.0579478952430588  0.0442954968189647  0  
75  341  5  310  4  1  0.0664457668144699  0.0371571590163600  0  
76  346  5  314  4  1  0.0687177643602104  0.0402859132064037  0  
77  351  5  318  4  1  0.0288727723166430  0.0561408767954031  0  
78  356  5  322  4  1  0.0576073795751047  0.0385584105494067  0  
79  361  5  326  4  1  0.0545234317959828  0.0379148948013833  0  
80  366  5  330  4  1  0.0787700921642551  0.0647522891959811  0  
81  371  5  334  4  1  0.0778370392262261  0.0513121111567193  0  
82  376  5  338  4  1  0.0782581628777346  0.0403061922841518  0  
83  381  5  342  4  1  0.0849295196323666  0.0625731999837804  0  
84  386  5  346  4  1  0.0749843818145926  0.0379296730383284  0  
85  391  5  350  4  1  0.0882161943276813  0.0454734782849053  0  
86  396  5  354  4  1  0.0823805215362483  0.0572762472832028  0  
87  401  5  358  4  1  0.0840291614891267  0.0552402539725791  0  
88  406  5  362  4  1  0.0912087015464186  0.0636873321496987  0  
89  411  5  366  4  1  0.0938534326240275  0.0602042635578749  0  
90  416  5  370  4  1  0.1071458604077558  0.0550696642864758  0  
91  421  5  374  4  1  0.0900335460559094  0.0554592102240054  0  
92  426  5  378  4  1  0.1031210961606609  0.0769488077642456  0  
93  431  5  382  4  1  0.0859021834767865  0.0490950630620405  0  
94  436  5  386  4  1  0.0945730501218670  0.0686127777959055  0  
95  441  5  390  4  1  0.0671379975081032  0.0677863367749819  0  
96  446  5  394  4  1  0.1014625854362359  0.0711379097214505  0  
97  451  5  398  4  1  0.0975643220420611  0.0640947169532691  0  
98  456  5  402  4  1  0.0995668641779848  0.0750078750309297  0  
99  461  5  406  4  1  0.0960140504896633  0.0664357665313697  0  
100  466  5  410  4  1  0.0993477318953810  0.0598476205779242  0  