 --------------- finished ----------------
 time step | iterations | total iterations
 1  4  4 
 2  4  8 
 3  4  12 
 4  4  16 
 5  5  21 
 6  5  26 
 7  5  31 
 8  5  36 
 9  5  41 
 10  5  46 
 11  5  51 
 12  5  56 
 13  5  61 
 14  5  66 
 15  5  71 
 16  5  76 
 17  5  81 
 18  5  86 
 19  5  91 
 20  5  96 
 21  5  101 
 22  5  106 
 23  5  111 
 24  5  116 
 25  5  121 
 26  5  126 
 27  5  131 
 28  5  136 
 29  5  141 
 30  5  146 
 31  5  151 
 32  5  156 
 33  5  161 
 34  5  166 
 35  5  171 
 36  5  176 
 37  5  181 
 38  5  186 
 39  5  191 
 40  5  196 
 41  5  201 
 42  5  206 
 43  5  211 
 44  5  216 
 45  5  221 
 46  5  226 
 47  5  231 
 48  5  236 
 49  5  241 
 50  5  246 
 51  5  251 
 52  5  256 
 53  5  261 
 54  5  266 
 55  5  271 
 56  5  276 
 57  5  281 
 58  5  286 
 59  5  291 
 60  5  296 
 61  5  301 
 62  5  306 
 63  5  311 
 64  5  316 
 65  5  321 
 66  5  326 
 67  5  331 
 68  5  336 
 69  5  341 
 70  5  346 
 71  5  351 
 72  5  356 
 73  5  361 
 74  5  366 
 75  4  370 
 76  4  374 
 77  5  379 
 78  5  384 
 79  5  389 
 80  5  394 
 81  5  399 
 82  5  404 
 83  5  409 
 84  5  414 
 85  5  419 
 86  5  424 
 87  5  429 
 88  5  434 
 89  5  439 
 90  5  444 
 91  5  449 
 92  5  454 
 93  5  459 
 94  5  464 
 95  5  469 
 96  5  474 
 97  5  479 
 98  5  484 
 99  5  489 
 100  5  494 

 average coupling iterations: 4.94
 -----------------------------------------


RUN FINISHED, t=100, exiting...
./GSNewtonCoupling 100 0.001 10  104219,23s user 146,72s system 99% cpu 29:06:38,10 total

