 --------------- finished ----------------
 time step | iterations | total iterations
 1  4  4 
 2  4  8 
 3  4  12 
 4  4  16 
 5  4  20 
 6  4  24 
 7  4  28 
 8  4  32 
 9  4  36 
 10  4  40 
 11  4  44 
 12  4  48 
 13  4  52 
 14  4  56 
 15  4  60 
 16  4  64 
 17  4  68 
 18  4  72 
 19  4  76 
 20  4  80 
 21  4  84 
 22  4  88 
 23  4  92 
 24  4  96 
 25  4  100 
 26  4  104 
 27  4  108 
 28  4  112 
 29  4  116 
 30  4  120 
 31  4  124 
 32  4  128 
 33  4  132 
 34  4  136 
 35  4  140 
 36  4  144 
 37  4  148 
 38  3  151 
 39  3  154 
 40  3  157 
 41  3  160 
 42  3  163 
 43  3  166 
 44  3  169 
 45  3  172 
 46  3  175 
 47  3  178 
 48  3  181 
 49  3  184 
 50  3  187 
 51  3  190 
 52  3  193 
 53  3  196 
 54  3  199 
 55  3  202 
 56  3  205 
 57  3  208 
 58  3  211 
 59  3  214 
 60  3  217 
 61  3  220 
 62  3  223 
 63  3  226 
 64  3  229 
 65  4  233 
 66  4  237 
 67  4  241 
 68  4  245 
 69  4  249 
 70  4  253 
 71  4  257 
 72  4  261 
 73  4  265 
 74  4  269 
 75  4  273 
 76  4  277 
 77  4  281 
 78  4  285 
 79  4  289 
 80  4  293 
 81  4  297 
 82  4  301 
 83  4  305 
 84  4  309 
 85  4  313 
 86  4  317 
 87  4  321 
 88  4  325 
 89  4  329 
 90  4  333 
 91  4  337 
 92  4  341 
 93  4  345 
 94  4  349 
 95  4  353 
 96  4  357 
 97  4  361 
 98  4  365 
 99  4  369 
 100  4  373 

 average coupling iterations: 3.73
 -----------------------------------------


RUN FINISHED, t=100, exiting...
./GSNewtonCoupling 100 0.1 10  117721,94s user 131,39s system 99% cpu 32:45:26,71 total

