 --------------- finished ----------------
 time step | iterations | total iterations
 1  3  3 
 2  3  6 
 3  3  9 
 4  3  12 
 5  3  15 
 6  3  18 
 7  3  21 
 8  3  24 
 9  3  27 
 10  3  30 
 11  3  33 
 12  3  36 
 13  3  39 
 14  3  42 
 15  3  45 
 16  3  48 
 17  3  51 
 18  3  54 
 19  3  57 
 20  3  60 
 21  3  63 
 22  3  66 
 23  3  69 
 24  3  72 
 25  3  75 
 26  3  78 
 27  3  81 
 28  3  84 
 29  3  87 
 30  3  90 
 31  3  93 
 32  3  96 
 33  3  99 
 34  3  102 
 35  3  105 
 36  3  108 
 37  3  111 
 38  3  114 
 39  3  117 
 40  3  120 
 41  3  123 
 42  3  126 
 43  3  129 
 44  3  132 
 45  3  135 
 46  3  138 
 47  3  141 
 48  3  144 
 49  3  147 
 50  3  150 
 51  3  153 
 52  3  156 
 53  3  159 
 54  3  162 
 55  3  165 
 56  3  168 
 57  3  171 
 58  3  174 
 59  3  177 
 60  3  180 
 61  3  183 
 62  3  186 
 63  3  189 
 64  3  192 
 65  3  195 
 66  3  198 
 67  3  201 
 68  3  204 
 69  3  207 
 70  3  210 
 71  3  213 
 72  3  216 
 73  3  219 
 74  3  222 
 75  3  225 
 76  3  228 
 77  3  231 
 78  3  234 
 79  3  237 
 80  3  240 
 81  3  243 
 82  3  246 
 83  3  249 
 84  3  252 
 85  3  255 
 86  3  258 
 87  3  261 
 88  3  264 
 89  3  267 
 90  3  270 
 91  3  273 
 92  3  276 
 93  3  279 
 94  3  282 
 95  3  285 
 96  3  288 
 97  3  291 
 98  3  294 
 99  3  297 
 100  5  302 

 average coupling iterations: 3.02
 -----------------------------------------


RUN FINISHED, t=100, exiting...
./GSNewtonCoupling 100 0.1 1000  187606,33s user 213,72s system 99% cpu 52:12:16,79 total

