 --------------- finished ----------------
 time step | iterations | total iterations
 1  4  4 
 2  4  8 
 3  4  12 
 4  4  16 
 5  4  20 
 6  4  24 
 7  4  28 
 8  4  32 
 9  4  36 
 10  4  40 
 11  4  44 
 12  4  48 
 13  4  52 
 14  4  56 
 15  4  60 
 16  4  64 
 17  4  68 
 18  4  72 
 19  4  76 
 20  4  80 
 21  4  84 
 22  4  88 
 23  4  92 
 24  4  96 
 25  4  100 
 26  4  104 
 27  4  108 
 28  4  112 
 29  4  116 
 30  4  120 
 31  4  124 
 32  4  128 
 33  4  132 
 34  4  136 
 35  4  140 
 36  4  144 
 37  4  148 
 38  4  152 
 39  4  156 
 40  4  160 
 41  4  164 
 42  4  168 
 43  4  172 
 44  4  176 
 45  4  180 
 46  4  184 
 47  4  188 
 48  4  192 
 49  4  196 
 50  4  200 
 51  4  204 
 52  4  208 
 53  4  212 
 54  3  215 
 55  4  219 
 56  4  223 
 57  4  227 
 58  4  231 
 59  4  235 
 60  4  239 
 61  4  243 
 62  4  247 
 63  4  251 
 64  4  255 
 65  4  259 
 66  4  263 
 67  4  267 
 68  4  271 
 69  4  275 
 70  4  279 
 71  4  283 
 72  4  287 
 73  4  291 
 74  4  295 
 75  4  299 
 76  4  303 
 77  4  307 
 78  4  311 
 79  4  315 
 80  4  319 
 81  4  323 
 82  4  327 
 83  4  331 
 84  4  335 
 85  4  339 
 86  4  343 
 87  4  347 
 88  4  351 
 89  4  355 
 90  4  359 
 91  4  363 
 92  4  367 
 93  4  371 
 94  4  375 
 95  4  379 
 96  4  383 
 97  4  387 
 98  4  391 
 99  4  395 
 100  4  399 

 average coupling iterations: 3.99
 -----------------------------------------


RUN FINISHED, t=100, exiting...
./GSNewtonCoupling 100 0.01 10  95656,12s user 108,82s system 99% cpu 26:37:04,63 total

