 --------------- finished ----------------
 time step | iterations | total iterations
 1  4  4 
 2  4  8 
 3  4  12 
 4  4  16 
 5  4  20 
 6  4  24 
 7  4  28 
 8  4  32 
 9  4  36 
 10  4  40 
 11  4  44 
 12  4  48 
 13  4  52 
 14  4  56 
 15  4  60 
 16  4  64 
 17  4  68 
 18  4  72 
 19  4  76 
 20  4  80 
 21  4  84 
 22  4  88 
 23  4  92 
 24  4  96 
 25  4  100 
 26  4  104 
 27  4  108 
 28  4  112 
 29  4  116 
 30  4  120 
 31  4  124 
 32  4  128 
 33  4  132 
 34  4  136 
 35  4  140 
 36  4  144 
 37  4  148 
 38  4  152 
 39  4  156 
 40  4  160 
 41  4  164 
 42  4  168 
 43  4  172 
 44  4  176 
 45  4  180 
 46  4  184 
 47  4  188 
 48  4  192 
 49  4  196 
 50  4  200 
 51  4  204 
 52  3  207 
 53  3  210 
 54  3  213 
 55  3  216 
 56  3  219 
 57  4  223 
 58  4  227 
 59  4  231 
 60  4  235 
 61  4  239 
 62  4  243 
 63  4  247 
 64  4  251 
 65  4  255 
 66  4  259 
 67  4  263 
 68  4  267 
 69  4  271 
 70  4  275 
 71  4  279 
 72  4  283 
 73  4  287 
 74  4  291 
 75  4  295 
 76  4  299 
 77  4  303 
 78  4  307 
 79  4  311 
 80  4  315 
 81  4  319 
 82  4  323 
 83  4  327 
 84  4  331 
 85  4  335 
 86  4  339 
 87  4  343 
 88  4  347 
 89  4  351 
 90  4  355 
 91  4  359 
 92  4  363 
 93  4  367 
 94  4  371 
 95  4  375 
 96  4  379 
 97  4  383 
 98  4  387 
 99  4  391 
 100  4  395 

 average coupling iterations: 3.95
 -----------------------------------------


RUN FINISHED, t=100, exiting...
./GSNewtonCoupling 100 0.001 100  80462,32s user 115,13s system 99% cpu 22:29:41,07 total

