 --------------- finished ----------------
 time step | iterations | total iterations
 1  4  4 
 2  3  7 
 3  3  10 
 4  3  13 
 5  3  16 
 6  3  19 
 7  3  22 
 8  3  25 
 9  3  28 
 10  3  31 
 11  3  34 
 12  3  37 
 13  3  40 
 14  3  43 
 15  3  46 
 16  3  49 
 17  3  52 
 18  3  55 
 19  3  58 
 20  3  61 
 21  3  64 
 22  3  67 
 23  3  70 
 24  3  73 
 25  3  76 
 26  3  79 
 27  3  82 
 28  3  85 
 29  3  88 
 30  3  91 
 31  3  94 
 32  3  97 
 33  3  100 
 34  3  103 
 35  3  106 
 36  3  109 
 37  3  112 
 38  3  115 
 39  3  118 
 40  3  121 
 41  3  124 
 42  3  127 
 43  3  130 
 44  3  133 
 45  3  136 
 46  3  139 
 47  3  142 
 48  3  145 
 49  3  148 
 50  3  151 
 51  3  154 
 52  3  157 
 53  3  160 
 54  3  163 
 55  3  166 
 56  3  169 
 57  3  172 
 58  3  175 
 59  3  178 
 60  3  181 
 61  3  184 
 62  3  187 
 63  3  190 
 64  3  193 
 65  3  196 
 66  3  199 
 67  3  202 
 68  3  205 
 69  3  208 
 70  3  211 
 71  3  214 
 72  3  217 
 73  3  220 
 74  3  223 
 75  3  226 
 76  3  229 
 77  3  232 
 78  3  235 
 79  3  238 
 80  3  241 
 81  3  244 
 82  3  247 
 83  3  250 
 84  3  253 
 85  3  256 
 86  3  259 
 87  3  262 
 88  3  265 
 89  3  268 
 90  3  271 
 91  3  274 
 92  3  277 
 93  3  280 
 94  3  283 
 95  3  286 
 96  3  289 
 97  3  292 
 98  3  295 
 99  3  298 
 100  3  301 

 average coupling iterations: 3.01
 -----------------------------------------


RUN FINISHED, t=100, exiting...
./GSNewtonCoupling 100 0.1 100  93289,93s user 112,66s system 99% cpu 25:57:40,69 total

