Timesteps  Total_Iterations  Iterations  Total_Iterations_Surrogate_Model  Iterations_Surrogate_Model  Convergence  avgConvRate(0)  avgConvRate(1)  deleted_Columns  
1  15  15  39  39  1  0.5382006932188087  0.5337332769407402  4  
2  30  15  74  35  1  0.4107605975466108  0.4137334334516302  5  
3  47  17  106  32  1  0.4766737911731829  0.4850813871196940  6  
4  60  13  135  29  1  0.4227965409612874  0.3804649932341874  4  
5  73  13  163  28  1  0.4350043905650413  0.4699290086616187  4  
6  84  11  189  26  1  0.5816219198497806  0.4159300110801888  3  
7  95  11  212  23  1  0.4591291011831442  0.4713105861573130  3  
8  106  11  235  23  1  0.4275118024460949  0.3769164443472595  3  
9  119  13  260  25  1  0.3934794894780690  0.3951951855187989  4  
10  132  13  283  23  1  0.5026330626295357  0.6315962611231525  4  
11  145  13  307  24  1  0.4422830270943475  0.4809296520199015  4  
12  156  11  329  22  1  0.4979045458977185  0.4689589939371502  3  
13  167  11  349  20  1  0.5048234426409839  0.3996291740432462  3  
14  178  11  370  21  1  0.5543766303428981  0.4535975469392666  3  
15  189  11  390  20  1  0.4799784485349373  0.4457972789337913  3  
16  200  11  412  22  1  0.5634902268954811  0.4307182441937870  3  
17  209  9  430  18  1  0.4762925507555225  0.4861161611780434  2  
18  218  9  447  17  1  0.4524410042281120  0.4410833726684078  2  
19  225  7  462  15  1  0.3880115192483800  0.3878830601559067  1  
20  232  7  476  14  1  0.3488391111843656  0.4020378148458774  1  
21  239  7  492  16  1  0.4352281568252404  0.4122133230940763  1  
22  250  11  512  20  1  0.6298708777768620  0.3929705882793154  3  
23  261  11  530  18  1  0.5331502035695290  0.4232628702276505  3  
24  270  9  547  17  1  0.5676741936587558  0.4908852777037503  2  
25  277  7  563  16  1  0.4709115770856511  0.2890880996170820  1  
26  284  7  579  16  1  0.3792147841292755  0.3948369173227694  1  
27  293  9  594  15  1  0.4218855810701408  0.4516442949974524  2  
28  302  9  610  16  1  0.4843167161658877  0.5071518435851576  2  
29  311  9  627  17  1  0.4637760781947970  0.3899608105747330  2  
30  318  7  643  16  1  0.4550876171938259  0.3054666302019799  1  
31  325  7  657  14  1  0.4153722025509703  0.4027047214619758  1  
32  334  9  670  13  1  0.4838031897443767  0.5803055326831279  2  
33  341  7  683  13  1  0.3861853578727259  0.3332190673476861  1  
34  348  7  696  13  1  0.6276046356758493  0.4392477569254386  1  
35  357  9  712  16  1  0.5208500610107413  0.4665698768654042  2  
36  366  9  726  14  1  0.5127178684834631  0.5457468160124631  2  
37  375  9  743  17  1  0.5530367959883872  0.4809023248826825  2  
38  384  9  760  17  1  0.5115136585518202  0.4457262450180791  2  
39  393  9  774  14  1  0.4368838079495067  0.4214348964330854  2  
40  400  7  787  13  1  0.4126525512380854  0.4568969947490910  1  
41  407  7  800  13  1  0.4190203915764648  0.5401043539034831  1  
42  414  7  815  15  1  0.4207571033670776  0.4229407964157332  1  
43  425  11  834  19  1  0.6100604110616499  0.4655754956401905  3  
44  436  11  854  20  1  0.5606510259780539  0.4569750131033332  3  
45  445  9  870  16  1  0.5903729121301396  0.6051255357140668  2  
46  454  9  888  18  1  0.5178142020629969  0.4062193059657249  2  
47  463  9  905  17  1  0.4240361537103470  0.3789397039417505  2  
48  472  9  923  18  1  0.4010575020826687  0.4280063589970546  2  
49  481  9  938  15  1  0.4493118264552039  0.3988493526567591  2  
50  488  7  951  13  1  0.3853404881384919  0.5079754970131134  1  
51  499  11  970  19  1  0.4638766285085966  0.4139617449542792  3  
52  508  9  987  17  1  0.5717276220938861  0.4225513823502197  2  
53  517  9  1002  15  1  0.5808750314923573  0.4899560034211839  2  
54  528  11  1021  19  1  0.6619755134724936  0.5325609451822387  3  
55  537  9  1038  17  1  0.4960874555711082  0.4152878107370522  2  
56  546  9  1056  18  1  0.4328907789710638  0.4327576527885346  2  
57  553  7  1072  16  1  0.3781172538109263  0.3452384676051516  1  
58  560  7  1088  16  1  0.3111212958120145  0.3715134180537024  1  
59  567  7  1102  14  1  0.3661154609191720  0.3869531553740791  1  
60  576  9  1121  19  1  0.4962172808456695  0.4066764168325921  2  
61  587  11  1142  21  1  0.5491424198798925  0.3736821857830439  3  
62  598  11  1162  20  1  0.5013432020553340  0.4138424182629614  3  
63  609  11  1183  21  1  0.5782495445575514  0.5179526215385515  3  
64  618  9  1201  18  1  0.4604992959222849  0.3776408983566900  2  
65  627  9  1221  20  1  0.2839207111946898  0.2905640367848035  2  
66  636  9  1241  20  1  0.4219555111960567  0.3168283834215179  2  
67  645  9  1261  20  1  0.4043895615960357  0.4321943040504329  2  
68  654  9  1281  20  1  0.3578502956053696  0.3286033975274641  2  
69  663  9  1302  21  1  0.6212192934542035  0.3567594683355521  2  
70  676  13  1327  25  1  0.5214296560151425  0.4183595280586382  4  
71  687  11  1346  19  1  0.4926020644176582  0.4699688139848790  3  
72  696  9  1365  19  1  0.4813334231148031  0.3894448470666271  2  
73  705  9  1383  18  1  0.4484731612105967  0.3906393456260930  2  
74  718  13  1408  25  1  0.4763306317043389  0.4454191242632196  4  
75  729  11  1430  22  1  0.4085740815122924  0.4404854202895735  3  
76  740  11  1451  21  1  0.4863599055990825  0.4202034623549759  3  
77  749  9  1472  21  1  0.4565241333531738  0.3081903250632629  2  
78  760  11  1494  22  1  0.4840887326882048  0.4013794957834476  3  
79  771  11  1518  24  1  0.3873067548828881  0.3771385631281168  3  
80  782  11  1539  21  1  0.4067100758908394  0.4314602056400386  3  
81  793  11  1560  21  1  0.4124562477721495  0.3532945490306769  3  
82  804  11  1583  23  1  0.4807701055940298  0.4155703507876985  3  
83  817  13  1609  26  1  0.4524094931302638  0.4259294255486370  4  
84  828  11  1635  26  1  0.4147715323819864  0.3822753853062804  3  
85  839  11  1661  26  1  0.4319229941178580  0.3759796458007255  3  
86  850  11  1687  26  1  0.4722197201912627  0.3587384462670356  3  
87  863  13  1713  26  1  0.4501766202334833  0.3892575783073949  4  
88  876  13  1742  29  1  0.4242992419740023  0.4294537295010187  4  
89  887  11  1769  27  1  0.4150718551976470  0.4123606620710811  3  
90  896  9  1792  23  1  0.3496985981909189  0.3258843650078565  2  
91  909  13  1819  27  1  0.4697187779961878  0.3959959359896472  4  
92  922  13  1847  28  1  0.4921455479168277  0.4234413604058831  4  
93  935  13  1874  27  1  0.4403370208287778  0.4294957340117781  4  
94  946  11  1898  24  1  0.4421368280112890  0.4565992683793560  3  
95  957  11  1923  25  1  0.3746492094511237  0.3614601408031635  3  
96  970  13  1952  29  1  0.3945367202045389  0.3861592879121369  4  
97  983  13  1983  31  1  0.3695342213808706  0.3842228515167534  4  
98  996  13  2012  29  1  0.4054228971356946  0.3448482746805439  4  
99  1007  11  2036  24  1  0.4477357724128085  0.3548151365611791  3  
100  1020  13  2065  29  1  0.4740415859779885  0.4061285409007266  4  