Timesteps  Total_Iterations  Iterations  Total_Iterations_Surrogate_Model  Iterations_Surrogate_Model  Convergence  avgConvRate(0)  avgConvRate(1)  deleted_Columns  
1  3  3  3  3  1  0.1813384703044186  0.9999992601535909  0  
2  6  3  6  3  1  0.1198850246586550  0.9998476182777212  0  
3  9  3  9  3  1  0.0695438400202536  0.9992370582346058  0  
4  12  3  11  2  1  0.2866866842542337  1.0008213451976953  0  
5  15  3  14  3  1  0.2864358983076543  1.0044685616551592  0  
6  18  3  16  2  1  0.2607016271431004  1.0020359107733312  0  
7  21  3  19  3  1  0.3379232776367278  1.0140532051773343  0  
8  24  3  21  2  1  0.2581808080403017  1.0033508430327716  0  
9  27  3  24  3  1  0.3525417006601811  1.0236241166629121  0  
10  30  3  26  2  1  0.2559909618103439  1.0047561364683701  0  
11  33  3  28  2  1  0.2615661526385130  1.0054361974114896  0  
12  36  3  30  2  1  0.2564000349510489  1.0046246403618844  0  
13  39  3  32  2  1  0.2580729931767525  1.0047769940429978  0  
14  42  3  34  2  1  0.2578875081560773  1.0051761196155515  0  
15  45  3  36  2  1  0.2577460425216563  1.0057817697177800  0  
16  46  1  38  2  1  1.0000000000000000  1.0000000000000000  0  
17  47  1  40  2  1  1.0000000000000000  1.0000000000000000  0  
18  48  1  42  2  1  1.0000000000000000  1.0000000000000000  0  
19  49  1  44  2  1  1.0000000000000000  1.0000000000000000  0  
20  50  1  46  2  1  1.0000000000000000  1.0000000000000000  0  
21  51  1  48  2  1  1.0000000000000000  1.0000000000000000  0  
22  52  1  50  2  1  1.0000000000000000  1.0000000000000000  0  
23  53  1  52  2  1  1.0000000000000000  1.0000000000000000  0  
24  54  1  54  2  1  1.0000000000000000  1.0000000000000000  0  
25  55  1  55  1  1  1.0000000000000000  1.0000000000000000  0  
26  56  1  57  2  1  1.0000000000000000  1.0000000000000000  0  
27  57  1  59  2  1  1.0000000000000000  1.0000000000000000  0  
28  58  1  61  2  1  1.0000000000000000  1.0000000000000000  0  
29  59  1  63  2  1  1.0000000000000000  1.0000000000000000  0  
30  60  1  65  2  1  1.0000000000000000  1.0000000000000000  0  
31  61  1  67  2  1  1.0000000000000000  1.0000000000000000  0  
32  62  1  69  2  1  1.0000000000000000  1.0000000000000000  0  
33  63  1  71  2  1  1.0000000000000000  1.0000000000000000  0  
34  64  1  73  2  1  1.0000000000000000  1.0000000000000000  0  
35  65  1  75  2  1  1.0000000000000000  1.0000000000000000  0  
36  66  1  77  2  1  1.0000000000000000  1.0000000000000000  0  
37  67  1  79  2  1  1.0000000000000000  1.0000000000000000  0  
38  68  1  81  2  1  1.0000000000000000  1.0000000000000000  0  
39  69  1  83  2  1  1.0000000000000000  1.0000000000000000  0  
40  70  1  85  2  1  1.0000000000000000  1.0000000000000000  0  
41  71  1  87  2  1  1.0000000000000000  1.0000000000000000  0  
42  72  1  89  2  1  1.0000000000000000  1.0000000000000000  0  
43  73  1  91  2  1  1.0000000000000000  1.0000000000000000  0  
44  74  1  93  2  1  1.0000000000000000  1.0000000000000000  0  
45  75  1  95  2  1  1.0000000000000000  1.0000000000000000  0  
46  76  1  97  2  1  1.0000000000000000  1.0000000000000000  0  
47  77  1  99  2  1  1.0000000000000000  1.0000000000000000  0  
48  78  1  101  2  1  1.0000000000000000  1.0000000000000000  0  
49  79  1  103  2  1  1.0000000000000000  1.0000000000000000  0  
50  80  1  105  2  1  1.0000000000000000  1.0000000000000000  0  
51  81  1  107  2  1  1.0000000000000000  1.0000000000000000  0  
52  82  1  109  2  1  1.0000000000000000  1.0000000000000000  0  
53  83  1  111  2  1  1.0000000000000000  1.0000000000000000  0  
54  84  1  113  2  1  1.0000000000000000  1.0000000000000000  0  
55  85  1  115  2  1  1.0000000000000000  1.0000000000000000  0  
56  86  1  117  2  1  1.0000000000000000  1.0000000000000000  0  
57  87  1  119  2  1  1.0000000000000000  1.0000000000000000  0  
58  88  1  121  2  1  1.0000000000000000  1.0000000000000000  0  
59  89  1  123  2  1  1.0000000000000000  1.0000000000000000  0  
60  90  1  125  2  1  1.0000000000000000  1.0000000000000000  0  
61  91  1  127  2  1  1.0000000000000000  1.0000000000000000  0  
62  92  1  129  2  1  1.0000000000000000  1.0000000000000000  0  
63  93  1  131  2  1  1.0000000000000000  1.0000000000000000  0  
64  94  1  133  2  1  1.0000000000000000  1.0000000000000000  0  
65  95  1  135  2  1  1.0000000000000000  1.0000000000000000  0  
66  96  1  137  2  1  1.0000000000000000  1.0000000000000000  0  
67  97  1  139  2  1  1.0000000000000000  1.0000000000000000  0  
68  98  1  141  2  1  1.0000000000000000  1.0000000000000000  0  
69  99  1  143  2  1  1.0000000000000000  1.0000000000000000  0  
70  100  1  145  2  1  1.0000000000000000  1.0000000000000000  0  
71  101  1  147  2  1  1.0000000000000000  1.0000000000000000  0  
72  102  1  149  2  1  1.0000000000000000  1.0000000000000000  0  
73  103  1  151  2  1  1.0000000000000000  1.0000000000000000  0  
74  104  1  153  2  1  1.0000000000000000  1.0000000000000000  0  
75  105  1  154  1  1  1.0000000000000000  1.0000000000000000  0  
76  106  1  156  2  1  1.0000000000000000  1.0000000000000000  0  
77  107  1  158  2  1  1.0000000000000000  1.0000000000000000  0  
78  108  1  160  2  1  1.0000000000000000  1.0000000000000000  0  
79  109  1  162  2  1  1.0000000000000000  1.0000000000000000  0  
80  110  1  164  2  1  1.0000000000000000  1.0000000000000000  0  
81  111  1  166  2  1  1.0000000000000000  1.0000000000000000  0  
82  112  1  168  2  1  1.0000000000000000  1.0000000000000000  0  
83  113  1  170  2  1  1.0000000000000000  1.0000000000000000  0  
84  116  3  172  2  1  0.1475640670457203  0.9997774068842268  0  
85  119  3  174  2  1  0.3283056858733449  0.9854914376728311  0  
86  122  3  176  2  1  0.2087097335546456  0.9950951939706110  0  
87  125  3  178  2  1  0.2458320960219675  0.9958053293102924  0  
88  128  3  180  2  1  0.2461195278935054  0.9957304354351723  0  
89  131  3  182  2  1  0.2440559918508326  0.9962562528865573  0  
90  134  3  185  3  1  0.1967448803023538  0.9956309493184511  0  
91  137  3  188  3  1  0.2042843151349161  0.9950413942818229  0  
92  140  3  191  3  1  0.2220967098805893  0.9932955471529500  0  
93  143  3  194  3  1  0.6576828840831506  0.7034741445683672  0  
94  146  3  196  2  1  0.2259527763518344  0.9959369282219936  0  
95  149  3  199  3  1  0.1953038884589962  0.9967859544393399  0  
96  152  3  201  2  1  0.2022216063527200  1.0000010672531574  0  
97  155  3  204  3  1  0.1714015861203324  0.9989280091701291  0  
98  158  3  207  3  1  0.1539119195625398  0.9994971719808187  0  
99  165  7  211  4  1  0.2397679898260195  0.1820672605281050  0  
100  170  5  219  8  1  0.2772378458993013  0.2922021097847978  0  