Timesteps  Total_Iterations  Iterations  Total_Iterations_Surrogate_Model  Iterations_Surrogate_Model  Convergence  avgConvRate(0)  avgConvRate(1)  deleted_Columns  
1  7  7  10  10  1  0.2777960726109434  0.1738274451766175  0  
2  14  7  19  9  1  0.2716587943555637  0.2009692323452416  1  
3  21  7  27  8  1  0.3230633343928327  0.1924346843034603  1  
4  28  7  35  8  1  0.2725675865342946  0.1972607237580792  1  
5  33  5  43  8  1  0.1975783599903911  0.3031254008788462  1  
6  40  7  51  8  1  0.2889327032615067  0.1839188979111045  0  
7  47  7  58  7  1  0.2557367883684137  0.1959356764011423  1  
8  54  7  65  7  1  0.2568558274485953  0.2175043883870821  1  
9  59  5  72  7  1  0.3398845440835662  0.2330699794181251  1  
10  64  5  78  6  1  0.4032864151853834  0.2495120786134360  0  
11  69  5  83  5  1  0.3090253963362127  0.3743654787334154  0  
12  74  5  89  6  1  0.3539257031247378  0.2703999387770460  0  
13  79  5  94  5  1  0.3753004499640292  0.2749944876716315  0  
14  84  5  99  5  1  0.3421843138511374  0.2186429300099433  0  
15  89  5  104  5  1  0.2326997050083305  0.2777422588616911  0  
16  94  5  109  5  1  0.2844880946886560  0.4937195251840944  0  
17  97  3  114  5  1  0.2272254457090467  0.2623690584271952  0  
18  102  5  120  6  1  0.2487977627744031  0.2886306039426398  0  
19  107  5  126  6  1  0.2993198261533879  0.3222609291037472  0  
20  112  5  132  6  1  0.2951679280374215  0.2744999955439548  0  
21  117  5  138  6  1  0.2685633193271253  0.2941422470515675  0  
22  120  3  143  5  1  0.2277210442672616  0.3163342734006205  0  
23  123  3  148  5  1  0.1456986353786195  0.2905755741923706  0  
24  126  3  153  5  1  0.1979463790171445  0.3466244755028642  0  
25  129  3  158  5  1  0.2557459730565660  0.3666242026183084  0  
26  132  3  163  5  1  0.2718261327892915  0.3569298853542046  0  
27  135  3  168  5  1  0.2496678199401154  0.3459610242811915  0  
28  138  3  171  3  1  0.1966662601022554  0.2871898271750223  0  
29  141  3  176  5  1  0.0978858935485736  0.2896423853655121  0  
30  144  3  181  5  1  0.1131002175751862  0.2349841071630013  0  
31  147  3  186  5  1  0.0853717890647467  0.2225428339132330  0  
32  150  3  191  5  1  0.1050111697914102  0.2622773732522197  0  
33  153  3  196  5  1  0.0986597143195070  0.2770957039702007  0  
34  156  3  201  5  1  0.1606166233916869  0.2469486097156017  0  
35  159  3  206  5  1  0.2033810658164116  0.2504034071286451  0  
36  162  3  211  5  1  0.2263861691421672  0.2375756375967537  0  
37  165  3  216  5  1  0.2319058060921387  0.2907054855118704  0  
38  168  3  220  4  1  0.2271577729804946  0.4643739903037465  0  
39  171  3  224  4  1  0.2391369673532979  0.4153596903927828  0  
40  174  3  228  4  1  0.2584399852577101  0.3465699368390029  0  
41  177  3  232  4  1  0.2786377662711956  0.3008768407113669  0  
42  180  3  236  4  1  0.2972230802979899  0.2653010087850839  0  
43  183  3  240  4  1  0.3124080937692479  0.2411429660800464  0  
44  186  3  244  4  1  0.3247780688480498  0.2320495135003281  0  
45  189  3  248  4  1  0.3369044457960092  0.2352413446132081  0  
46  192  3  252  4  1  0.3516029979357024  0.2422630624190735  0  
47  195  3  256  4  1  0.3701065927053486  0.2471029626017440  0  
48  198  3  260  4  1  0.3919420568251828  0.2462852466071643  0  
49  201  3  264  4  1  0.4163638643669978  0.2353534139459847  0  
50  202  1  268  4  1  1.0000000000000000  1.0000000000000000  0  
51  203  1  271  3  1  1.0000000000000000  1.0000000000000000  0  
52  204  1  274  3  1  1.0000000000000000  1.0000000000000000  0  
53  205  1  277  3  1  1.0000000000000000  1.0000000000000000  0  
54  206  1  280  3  1  1.0000000000000000  1.0000000000000000  0  
55  207  1  283  3  1  1.0000000000000000  1.0000000000000000  0  
56  208  1  286  3  1  1.0000000000000000  1.0000000000000000  0  
57  209  1  289  3  1  1.0000000000000000  1.0000000000000000  0  
58  210  1  292  3  1  1.0000000000000000  1.0000000000000000  0  
59  211  1  295  3  1  1.0000000000000000  1.0000000000000000  0  
60  214  3  298  3  1  0.4546798282939962  0.4129611053495815  0  
61  217  3  302  4  1  0.4288911745763532  0.3197346134489841  0  
62  220  3  306  4  1  0.4140418977756514  0.3205798169423448  0  
63  225  5  311  5  1  0.3196743235934698  0.4227960681056080  0  
64  230  5  316  5  1  0.2797774813222423  0.3449824877478231  0  
65  235  5  321  5  1  0.2048597579804826  0.3359568965069908  0  
66  238  3  325  4  1  0.3300848183253953  0.3213448303469982  0  
67  241  3  329  4  1  0.3179651992190528  0.3195143033034812  0  
68  244  3  334  5  1  0.3237091104450525  0.3337048192753845  0  
69  247  3  339  5  1  0.3140217739824029  0.3351343939625921  0  
70  250  3  344  5  1  0.3015175541287575  0.3370744929808581  0  
71  253  3  349  5  1  0.2872792609132476  0.3399414592267597  0  
72  256  3  354  5  1  0.2736397400696937  0.3448138175969181  0  
73  259  3  359  5  1  0.2620665557508455  0.3519642812870038  0  
74  262  3  364  5  1  0.2518914804399454  0.3592339065779677  0  
75  265  3  369  5  1  0.2410936132669181  0.3640077274210703  0  
76  268  3  374  5  1  0.2278457136206495  0.3641873085521146  0  
77  271  3  379  5  1  0.2113667473766350  0.3534177652070980  0  
78  274  3  383  4  1  0.2062238835310858  0.4237579794451557  0  
79  277  3  388  5  1  0.1703004617376763  0.2973706400872065  0  
80  280  3  393  5  1  0.1423558639622943  0.1656392679675116  0  
81  283  3  398  5  1  0.1010566080434213  0.2402742579883947  0  
82  286  3  403  5  1  0.1131824565612657  0.2856659469536234  0  
83  289  3  408  5  1  0.1521263030569189  0.2990535303536658  0  
84  292  3  413  5  1  0.1778123132752419  0.2819238089072547  0  
85  297  5  419  6  1  0.2102325862238009  0.4063085095797885  0  
86  302  5  425  6  1  0.2943850538532063  0.3567528595216333  0  
87  307  5  431  6  1  0.2938932757523367  0.2611616579187577  0  
88  312  5  437  6  1  0.2307198577063818  0.3179555022853665  0  
89  317  5  444  7  1  0.2272946365087914  0.3070327176997427  0  
90  322  5  451  7  1  0.2363700764186334  0.3076238678664327  0  
91  327  5  459  8  1  0.2431863850011537  0.2982943555348798  0  
92  332  5  467  8  1  0.2508656031499141  0.2986394265157318  0  
93  337  5  475  8  1  0.2584583661379183  0.2987904789872687  0  
94  342  5  483  8  1  0.2661841340431633  0.2988396181700989  0  
95  349  7  492  9  1  0.2286285098622039  0.2297244283149192  0  
96  356  7  502  10  1  0.2362890994672090  0.2348572210061809  1  
97  363  7  512  10  1  0.2435526984266739  0.2403393860390622  1  
98  370  7  524  12  1  0.2494499668485639  0.2410159602208947  1  
99  377  7  535  11  1  0.2563855458695598  0.2344517484913579  1  
100  384  7  546  11  1  0.2645067587436352  0.2354134852786182  1  