Timesteps  Total_Iterations  Iterations  Convergence  avgConvRate(0)  avgConvRate(1)  deleted_Columns  
1  3  3  1  0.0002222783296031  inf  0  
2  103  100  0  0.9951273757724017  inf  4  
3  123  20  1  0.5310546039921560  0.8957094639312553  0  
4  139  16  1  0.4267155249067882  2.0281760516364273  0  
5  159  20  1  0.5266945885314609  1.3144283241075454  0  
6  173  14  1  0.4196146480158190  2.4192129364753816  0  
7  196  23  1  0.5760446817808685  1.1088880276355590  0  
8  220  24  1  0.5530678161035182  1.0943879748569452  0  
9  239  19  1  0.5053320364029832  1.2381661914716460  0  
10  259  20  1  0.5402853651897179  1.2108025305232561  0  
11  285  26  1  0.6453721264700165  1.1772039100350371  0  
12  307  22  1  0.5845713720675156  1.1523951458437636  0  
13  327  20  1  0.5085306690690892  1.2481975458006989  0  
14  350  23  1  0.6058103016278047  1.2571212518310886  0  
15  372  22  1  0.5740286713772323  1.1330564669625234  0  
16  394  22  1  0.5714141281818687  1.1572649812710909  0  
17  413  19  1  0.4844443312590493  1.2239730660735961  0  
18  431  18  1  0.4483264410533894  1.1936697810106511  0  
19  451  20  1  0.5642604592233325  1.3670660778749033  0  
20  475  24  1  0.6017598545018932  1.1111969003306552  0  
21  498  23  1  0.6021766026363532  1.1795305717128344  0  
22  519  21  1  0.5848079689551295  1.1888085982028134  0  
23  541  22  1  0.5909717312921806  1.1448396698018046  0  
24  552  11  1  0.3539665444670630  2.1036593889684849  0  
25  575  23  1  0.5758965878571479  1.0896937443011587  0  
26  595  20  1  0.5573701255808532  1.2371474432442564  0  
27  614  19  1  0.5475563819882828  1.2364622333244628  0  
28  636  22  1  0.5371822377952060  1.0521991693494193  0  
29  657  21  1  0.5336792748445649  1.2125615830468446  0  
30  677  20  1  0.5534766361747905  1.2568025579746378  0  
31  696  19  1  0.5150935634334531  1.1579572653058015  0  
32  698  2  1  0.0039503312058905  17.5097345186425564  0  
33  714  16  1  0.4400634816873679  1.1464068734077100  0  
34  736  22  1  0.5525434361388812  1.1681547895604878  0  
35  751  15  1  0.4723100099257146  1.6869498908974019  0  
36  763  12  1  0.3951751030420840  1.7991255378648696  0  
37  765  2  1  0.0033004434401178  17.4199888206166023  0  
38  782  17  1  0.5075357104299221  1.2551420824798347  0  
39  805  23  1  0.5905198013298241  1.1291415906311411  0  
40  807  2  1  0.0031523390861401  11.6654157552332283  0  
41  822  15  1  0.4596310921253240  1.3043835125720558  0  
42  824  2  1  0.0033158822632974  10.9895193327897100  0  
43  842  18  1  0.5395807693962854  1.2406513537988824  0  
44  844  2  1  0.0028649237879904  9.5034851208753501  0  
45  858  14  1  0.4468583907082441  1.4253623032648981  0  
46  860  2  1  0.0032503500921704  12.6877957368241923  0  
47  878  18  1  0.5403451083863375  1.1926688591825116  0  
48  880  2  1  0.0057142577570528  12.6960622136531622  0  
49  895  15  1  0.5050078339723827  1.4405549052768181  0  
50  897  2  1  0.0037726543053375  12.5677441862322574  0  
51  911  14  1  0.4576383173175571  1.7771896565156373  0  
52  913  2  1  0.0072953195089883  53.8050930881920024  0  
53  930  17  1  0.5736647973886657  1.4047186986490678  0  
54  932  2  1  0.0095226941302363  18.7138533598669525  0  
55  948  16  1  0.5191198736587754  1.5338312986170211  0  
56  960  12  1  0.4091034773357473  1.9892119748497550  0  
57  962  2  1  0.0059520967287839  54.1944390702164398  0  
58  980  18  1  0.4960975065142431  1.0885851608401194  0  
59  982  2  1  0.0030154786854499  37.9441942025561829  0  
60  999  17  1  0.5111348395250462  1.4141842516049437  0  
61  1001  2  1  0.0027961582822494  21.3814088494580439  0  
62  1018  17  1  0.4647411300355752  1.4535174230910357  0  
63  1041  23  1  0.5965790614885235  1.2092019200061785  0  
64  1060  19  1  0.4775345080078777  1.1576055653786572  0  
65  1072  12  1  0.3675949003677261  2.1455682576242321  0  
66  1094  22  1  0.5122278974511230  1.0241258222499503  0  
67  1114  20  1  0.5229548953660768  1.2786077912088387  0  
68  1134  20  1  0.4418207767205097  1.0559954484180989  0  
69  1153  19  1  0.5070374286342222  1.7426088812075631  0  
70  1165  12  1  0.3513218337686607  1.8311368018961482  0  
71  1183  18  1  0.4933670669168216  1.1934381546135566  0  
72  1195  12  1  0.3369314457484168  1.8361965205011022  0  
73  1219  24  1  0.5838506422020406  1.0744089051800250  0  
74  1232  13  1  0.3035001047335574  1.4836347197261630  0  
75  1254  22  1  0.5351737857606864  1.2469215387783354  0  
76  1276  22  1  0.5621681216075983  1.2091707249253338  0  
77  1293  17  1  0.4848983305933805  1.2836908791537220  0  
78  1313  20  1  0.5333971348208338  1.1915730010676648  0  
79  1326  13  1  0.3555417794072840  1.7599421754126283  0  
80  1348  22  1  0.5599066616899367  1.1667439001293216  0  
81  1365  17  1  0.4720137223356630  1.3077380628414732  0  
82  1384  19  1  0.4869974688528632  1.1520301935204396  0  
83  1406  22  1  0.5711434247537042  1.2212513462131580  0  
84  1429  23  1  0.5667406369279177  1.1017543677867385  0  
85  1443  14  1  0.4131032480488034  1.5765065975105594  0  
86  1464  21  1  0.5440156310435557  1.1369754558499501  0  
87  1479  15  1  0.4215273183671965  1.5803562441335124  0  
88  1503  24  1  0.5589338640138953  1.1012463797831133  0  
89  1522  19  1  0.5126489053097107  1.2740824714547023  0  
90  1536  14  1  0.4209092930570535  1.8161112611746590  0  
91  1557  21  1  0.5510467153449286  1.1520096529732662  0  
92  1582  25  1  0.5859217194144413  1.0928415004285579  0  
93  1601  19  1  0.5128690394294101  1.3174809511311769  0  
94  1621  20  1  0.5532502141704994  1.2070783205917848  0  
95  1642  21  1  0.5662458771165778  1.1496302846339916  0  
96  1664  22  1  0.5592571138711809  1.1084217045148101  0  
97  1686  22  1  0.5424795372516159  1.1293770492032849  0  
98  1707  21  1  0.5543954809889031  1.2163839579927820  0  
99  1725  18  1  0.4629925250396610  1.1808370431803870  0  
100  1743  18  1  0.5214757509113163  1.3335561336590998  0  